# Contour PureHiggsino, ObsMinus
#  mchi1pm dm(chi1pm-chi10)
    1137.5           0.0236
    1136.2           0.0247
    1134.7           0.0258
    1133.3           0.0270
    1132.5           0.0276
    1131.8           0.0281
    1130.4           0.0293
    1128.9           0.0304
    1127.5           0.0315
    1127.5           0.0316
    1126.0           0.0327
    1124.5           0.0339
    1123.1           0.0350
    1122.5           0.0355
    1121.6           0.0362
    1120.1           0.0373
    1118.6           0.0385
    1117.5           0.0393
    1117.1           0.0396
    1115.6           0.0408
    1114.1           0.0419
    1112.6           0.0431
    1112.5           0.0432
    1111.1           0.0442
    1109.6           0.0454
    1108.1           0.0465
    1107.5           0.0469
    1106.5           0.0477
    1105.0           0.0488
    1103.5           0.0500
    1102.5           0.0507
    1101.9           0.0511
    1100.4           0.0522
    1098.8           0.0534
    1097.5           0.0543
    1097.2           0.0545
    1095.6           0.0557
    1094.1           0.0568
    1092.5           0.0580
    1092.5           0.0580
    1090.9           0.0591
    1089.3           0.0603
    1087.6           0.0614
    1087.5           0.0615
    1086.0           0.0626
    1084.4           0.0637
    1082.7           0.0649
    1082.5           0.0650
    1081.1           0.0660
    1079.4           0.0672
    1077.8           0.0683
    1077.5           0.0685
    1076.1           0.0695
    1074.4           0.0706
    1072.7           0.0718
    1072.5           0.0719
    1071.0           0.0729
    1069.3           0.0741
    1067.5           0.0752
    1067.5           0.0752
    1065.8           0.0764
    1064.0           0.0775
    1062.5           0.0785
    1062.2           0.0787
    1060.5           0.0798
    1058.7           0.0810
    1057.5           0.0817
    1056.8           0.0821
    1055.0           0.0833
    1053.1           0.0844
    1052.5           0.0848
    1051.3           0.0856
    1049.4           0.0867
    1047.5           0.0878
    1047.5           0.0878
    1045.6           0.0890
    1043.6           0.0901
    1042.5           0.0908
    1041.6           0.0913
    1039.7           0.0924
    1037.6           0.0936
    1037.5           0.0937
    1035.6           0.0947
    1033.5           0.0959
    1032.5           0.0964
    1031.4           0.0970
    1029.3           0.0982
    1027.5           0.0991
    1027.1           0.0993
    1024.9           0.1005
    1022.6           0.1016
    1022.5           0.1017
    1020.4           0.1028
    1018.0           0.1039
    1017.5           0.1042
    1015.7           0.1051
    1013.2           0.1062
    1012.5           0.1066
    1010.8           0.1074
    1008.2           0.1085
    1007.5           0.1088
    1005.7           0.1097
    1003.0           0.1108
    1002.5           0.1110
     998.2           0.1120
     997.5           0.1121
     995.3           0.1131
     992.6           0.1143
     992.5           0.1143
     989.9           0.1154
     987.5           0.1164
     987.1           0.1166
     984.2           0.1177
     982.5           0.1183
     981.2           0.1189
     978.1           0.1200
     977.5           0.1202
     975.0           0.1211
     972.5           0.1220
     971.7           0.1223
     968.4           0.1234
     967.5           0.1237
     964.9           0.1246
     962.5           0.1254
     961.4           0.1257
     957.8           0.1269
     957.5           0.1270
     954.0           0.1280
     952.5           0.1285
     950.2           0.1292
     947.5           0.1300
     946.3           0.1303
     942.5           0.1314
     942.3           0.1315
     938.2           0.1326
     937.5           0.1328
     934.0           0.1338
     932.5           0.1342
     929.7           0.1349
     927.5           0.1355
     925.4           0.1361
     922.5           0.1368
     921.0           0.1372
     917.5           0.1381
     916.5           0.1384
     912.5           0.1394
     911.9           0.1395
     907.5           0.1406
     907.0           0.1407
     902.5           0.1415
     900.2           0.1418
     897.5           0.1421
     892.5           0.1425
     887.5           0.1428
     885.5           0.1430
     882.5           0.1432
     877.5           0.1435
     872.5           0.1438
     868.8           0.1441
     867.5           0.1442
     862.5           0.1445
     857.5           0.1449
     852.8           0.1453
     852.5           0.1453
     847.5           0.1456
     842.5           0.1460
     837.5           0.1464
     837.5           0.1464
     832.5           0.1468
     827.5           0.1472
     822.9           0.1476
     822.5           0.1476
     817.5           0.1480
     812.5           0.1484
     808.9           0.1487
     807.5           0.1488
     802.5           0.1492
     797.7           0.1499
     797.5           0.1499
     792.5           0.1504
     787.5           0.1508
     786.0           0.1510
     782.5           0.1513
     777.5           0.1518
     774.6           0.1522
     772.5           0.1524
     767.5           0.1529
     763.6           0.1533
     762.5           0.1534
     757.5           0.1540
     753.1           0.1544
     752.5           0.1545
     747.5           0.1551
     742.9           0.1556
     742.5           0.1556
     737.5           0.1562
     733.0           0.1567
     732.5           0.1568
     727.5           0.1574
     723.5           0.1579
     722.5           0.1580
     717.5           0.1586
     714.2           0.1590
     712.5           0.1592
     707.5           0.1599
     705.1           0.1602
     702.5           0.1605
     697.5           0.1612
     696.3           0.1613
     692.5           0.1618
     687.7           0.1625
     687.5           0.1625
     682.5           0.1632
     679.3           0.1636
     677.5           0.1639
     672.5           0.1646
     671.1           0.1648
     667.5           0.1653
     663.0           0.1659
     662.5           0.1660
     657.5           0.1667
     655.1           0.1671
     652.5           0.1675
     647.5           0.1682
     647.3           0.1682
     642.5           0.1689
     639.8           0.1694
     637.5           0.1697
     632.5           0.1705
     632.3           0.1705
     627.5           0.1713
     624.9           0.1717
     622.5           0.1720
     617.7           0.1728
     617.5           0.1728
     612.5           0.1736
     610.5           0.1740
     607.5           0.1745
     603.5           0.1751
     602.5           0.1753
     597.5           0.1761
     596.6           0.1763
     592.5           0.1769
     589.8           0.1774
     587.5           0.1778
     583.0           0.1786
     582.5           0.1786
     577.5           0.1795
     576.3           0.1797
     572.5           0.1804
     569.7           0.1809
     567.5           0.1812
     563.1           0.1820
     562.5           0.1821
     557.5           0.1830
     556.6           0.1832
     552.5           0.1839
     550.1           0.1843
     547.5           0.1848
     543.6           0.1855
     542.5           0.1856
     537.5           0.1865
     537.2           0.1866
     532.5           0.1874
     530.8           0.1878
     527.5           0.1883
     524.4           0.1889
     522.5           0.1892
     518.0           0.1900
     517.5           0.1901
     512.5           0.1910
     511.6           0.1912
     507.5           0.1919
     505.3           0.1923
     502.5           0.1928
     499.0           0.1935
     497.5           0.1937
     492.6           0.1946
     492.5           0.1947
     487.5           0.1956
     486.4           0.1958
     482.5           0.1965
     480.1           0.1969
     477.5           0.1974
     473.9           0.1981
     472.5           0.1983
     467.7           0.1992
     467.5           0.1993
     462.5           0.2002
     461.6           0.2004
     457.5           0.2011
     455.5           0.2015
     452.5           0.2021
     449.5           0.2027
     447.5           0.2030
     443.5           0.2038
     442.5           0.2040
     437.6           0.2050
     437.5           0.2050
     432.5           0.2060
     431.7           0.2061
     427.5           0.2069
     425.9           0.2073
     422.5           0.2079
     420.2           0.2084
     417.5           0.2090
     414.6           0.2096
     412.5           0.2100
     409.0           0.2107
     407.5           0.2110
     403.6           0.2119
     402.5           0.2121
     398.2           0.2130
     397.5           0.2132
     392.9           0.2142
     392.5           0.2143
     387.8           0.2153
     387.5           0.2154
     382.8           0.2165
     382.5           0.2165
     378.0           0.2176
     377.5           0.2177
     373.3           0.2188
     372.5           0.2189
     368.7           0.2199
     367.5           0.2202
     364.3           0.2211
     362.5           0.2215
     359.9           0.2222
     357.5           0.2228
     355.7           0.2233
     352.5           0.2242
     351.6           0.2245
     347.6           0.2256
     347.5           0.2257
     343.6           0.2268
     342.5           0.2271
     339.8           0.2279
     337.5           0.2286
     336.0           0.2291
     332.5           0.2302
     332.2           0.2302
     328.6           0.2314
     327.5           0.2317
     325.0           0.2325
     322.5           0.2333
     321.5           0.2337
     318.0           0.2348
     317.5           0.2350
     314.6           0.2360
     312.5           0.2367
     311.2           0.2371
     307.9           0.2383
     307.5           0.2384
     304.7           0.2394
     302.5           0.2402
     301.5           0.2406
     298.4           0.2417
     297.5           0.2420
     295.3           0.2429
     292.5           0.2439
     292.2           0.2440
     289.3           0.2452
     287.5           0.2458
     286.4           0.2463
     283.5           0.2475
     282.5           0.2478
     280.7           0.2486
     277.9           0.2498
     277.5           0.2499
     275.2           0.2509
     272.5           0.2520
     272.4           0.2521
     269.8           0.2532
     267.5           0.2542
     267.2           0.2544
     264.7           0.2555
     262.5           0.2565
     262.2           0.2567
     259.7           0.2578
     257.5           0.2588
     257.3           0.2589
     254.9           0.2601
     252.6           0.2612
     252.5           0.2613
     250.3           0.2624
     248.0           0.2635
     247.5           0.2638
     245.8           0.2647
     243.6           0.2658
     242.5           0.2664
     241.4           0.2670
     239.3           0.2681
     237.5           0.2690
     237.1           0.2693
     235.0           0.2704
     232.9           0.2716
     232.5           0.2718
     230.8           0.2727
     228.8           0.2739
     227.5           0.2746
     226.7           0.2750
     224.7           0.2762
     222.6           0.2773
     222.5           0.2774
     220.6           0.2785
     218.5           0.2796
     217.5           0.2801
     216.4           0.2808
     214.4           0.2819
     212.5           0.2829
     212.3           0.2831
     210.2           0.2842
     208.1           0.2854
     207.5           0.2857
     206.0           0.2865
     203.9           0.2877
     202.5           0.2884
     201.8           0.2888
     199.8           0.2900
     197.6           0.2911
     197.5           0.2912
     195.7           0.2922
     193.6           0.2934
     192.5           0.2939
     191.4           0.2945
     189.3           0.2957
     187.5           0.2967
     187.3           0.2968
     185.7           0.2980
     184.3           0.2991
     183.1           0.3003
     182.5           0.3009
     182.0           0.3014
     180.9           0.3026
     179.8           0.3037
     178.6           0.3049
     177.5           0.3059
     177.4           0.3060
     176.2           0.3072
     174.9           0.3083
     173.6           0.3095
     172.5           0.3104
     172.3           0.3106
     171.0           0.3118
     169.7           0.3129
     168.3           0.3141
     167.5           0.3148
     167.0           0.3152
     165.7           0.3164
     164.5           0.3175
     163.1           0.3187
     162.5           0.3192
     161.9           0.3198
     160.6           0.3210
     159.4           0.3221
     158.1           0.3233
     157.5           0.3238
     156.8           0.3244
     155.6           0.3256
     154.4           0.3267
     153.2           0.3278
     152.5           0.3284
     152.0           0.3290
     151.0           0.3301
     150.0           0.3313
     149.0           0.3324
     147.9           0.3336
     147.5           0.3341
     147.0           0.3347
     146.2           0.3359
     145.3           0.3370
     144.5           0.3382
     143.6           0.3393
     142.7           0.3405
     142.5           0.3407
     141.8           0.3416
     141.0           0.3428
     140.2           0.3439
     139.3           0.3451
     138.4           0.3462
     137.6           0.3474
     137.5           0.3474
     136.7           0.3485
     135.9           0.3497
     135.1           0.3508
     134.2           0.3520
     133.3           0.3531
     132.5           0.3541
     132.4           0.3543
     131.6           0.3554
     130.7           0.3566
     129.7           0.3577
     128.7           0.3589
     127.7           0.3600
     127.5           0.3602
     126.6           0.3611
     125.5           0.3623
     124.3           0.3634
     123.1           0.3646
     122.5           0.3651
     121.9           0.3657
     120.7           0.3669
     119.4           0.3680
     118.0           0.3692
     117.5           0.3696
     116.6           0.3703
     115.2           0.3715
     113.7           0.3726
     112.5           0.3736
     112.3           0.3738
     110.8           0.3749
     109.4           0.3761
     107.9           0.3772
     107.5           0.3775
     106.4           0.3784
     105.0           0.3795
     103.5           0.3807
     102.5           0.3815
     101.8           0.3818
      99.6           0.3830
      97.5           0.3841
