# Contour PureHiggsino, Obs
#  mchi1pm dm(chi1pm-chi10)
    1137.5           0.0403
    1136.9           0.0408
    1135.4           0.0419
    1133.8           0.0431
    1132.5           0.0440
    1132.3           0.0442
    1130.7           0.0454
    1129.2           0.0465
    1127.6           0.0477
    1127.5           0.0477
    1126.0           0.0488
    1124.4           0.0500
    1122.8           0.0511
    1122.5           0.0513
    1121.3           0.0522
    1119.7           0.0534
    1118.0           0.0545
    1117.5           0.0549
    1116.4           0.0557
    1114.8           0.0568
    1113.2           0.0580
    1112.5           0.0585
    1111.5           0.0591
    1109.9           0.0603
    1108.2           0.0614
    1107.5           0.0619
    1106.6           0.0626
    1104.9           0.0637
    1103.2           0.0649
    1102.5           0.0654
    1101.6           0.0660
    1099.9           0.0672
    1098.2           0.0683
    1097.5           0.0688
    1096.5           0.0695
    1094.7           0.0706
    1093.0           0.0718
    1092.5           0.0721
    1091.3           0.0729
    1089.5           0.0741
    1087.7           0.0752
    1087.5           0.0754
    1086.0           0.0764
    1084.2           0.0775
    1082.5           0.0786
    1082.4           0.0787
    1080.6           0.0798
    1078.7           0.0810
    1077.5           0.0817
    1076.9           0.0821
    1075.1           0.0833
    1073.2           0.0844
    1072.5           0.0848
    1071.3           0.0856
    1069.4           0.0867
    1067.5           0.0878
    1067.5           0.0878
    1065.6           0.0890
    1063.6           0.0901
    1062.5           0.0908
    1061.6           0.0913
    1059.6           0.0924
    1057.6           0.0936
    1057.5           0.0936
    1055.6           0.0947
    1053.5           0.0959
    1052.5           0.0964
    1051.4           0.0970
    1049.3           0.0982
    1047.5           0.0991
    1047.1           0.0993
    1044.9           0.1005
    1042.7           0.1016
    1042.5           0.1017
    1040.5           0.1028
    1038.2           0.1039
    1037.5           0.1042
    1035.8           0.1051
    1033.4           0.1062
    1032.5           0.1067
    1031.0           0.1074
    1028.5           0.1085
    1027.5           0.1090
    1026.0           0.1097
    1023.4           0.1108
    1022.5           0.1112
    1020.7           0.1120
    1018.0           0.1131
    1017.5           0.1133
    1015.1           0.1143
    1012.5           0.1153
    1012.2           0.1154
    1009.3           0.1166
    1007.5           0.1172
    1006.2           0.1177
    1003.0           0.1189
    1002.5           0.1190
     998.5           0.1200
     997.5           0.1202
     995.0           0.1211
     992.5           0.1220
     991.8           0.1223
     988.5           0.1234
     987.5           0.1238
     985.1           0.1246
     982.5           0.1254
     981.5           0.1257
     977.8           0.1269
     977.5           0.1270
     974.1           0.1280
     972.5           0.1285
     970.2           0.1292
     967.5           0.1299
     966.1           0.1303
     962.5           0.1313
     962.0           0.1315
     957.7           0.1326
     957.5           0.1327
     953.4           0.1338
     952.5           0.1340
     948.9           0.1349
     947.5           0.1353
     944.4           0.1361
     942.5           0.1365
     939.7           0.1372
     937.5           0.1377
     934.9           0.1384
     932.5           0.1389
     930.0           0.1395
     927.5           0.1401
     924.9           0.1407
     922.5           0.1412
     919.5           0.1418
     917.5           0.1422
     913.4           0.1430
     912.5           0.1431
     907.5           0.1439
     905.5           0.1441
     902.5           0.1444
     897.5           0.1449
     893.3           0.1453
     892.5           0.1453
     887.5           0.1457
     882.5           0.1461
     877.5           0.1464
     877.5           0.1464
     872.5           0.1468
     867.5           0.1471
     862.5           0.1475
     861.1           0.1476
     857.5           0.1478
     852.5           0.1482
     847.5           0.1485
     845.1           0.1487
     842.5           0.1489
     837.5           0.1493
     832.5           0.1496
     829.7           0.1499
     827.5           0.1500
     822.5           0.1504
     817.5           0.1508
     815.0           0.1510
     812.5           0.1512
     807.5           0.1516
     802.5           0.1520
     801.4           0.1522
     797.5           0.1526
     792.5           0.1531
     790.6           0.1533
     787.5           0.1536
     782.5           0.1541
     778.6           0.1544
     777.5           0.1546
     772.5           0.1550
     767.5           0.1556
     767.2           0.1556
     762.5           0.1561
     757.5           0.1566
     756.2           0.1567
     752.5           0.1571
     747.5           0.1577
     745.6           0.1579
     742.5           0.1582
     737.5           0.1588
     735.4           0.1590
     732.5           0.1594
     727.5           0.1599
     725.5           0.1602
     722.5           0.1605
     717.5           0.1611
     715.9           0.1613
     712.5           0.1617
     707.5           0.1624
     706.6           0.1625
     702.5           0.1630
     697.5           0.1636
     697.5           0.1636
     692.5           0.1643
     688.7           0.1648
     687.5           0.1649
     682.5           0.1656
     680.1           0.1659
     677.5           0.1663
     672.5           0.1670
     671.6           0.1671
     667.5           0.1676
     663.4           0.1682
     662.5           0.1684
     657.5           0.1691
     655.3           0.1694
     652.5           0.1698
     647.5           0.1705
     647.4           0.1705
     642.5           0.1712
     639.7           0.1717
     637.5           0.1720
     632.5           0.1727
     632.0           0.1728
     627.5           0.1735
     624.5           0.1740
     622.5           0.1743
     617.5           0.1751
     617.1           0.1751
     612.5           0.1758
     609.9           0.1763
     607.5           0.1766
     602.7           0.1774
     602.5           0.1774
     597.5           0.1783
     595.7           0.1786
     592.5           0.1791
     588.6           0.1797
     587.5           0.1799
     582.5           0.1807
     581.7           0.1809
     577.5           0.1816
     574.8           0.1820
     572.5           0.1824
     568.0           0.1832
     567.5           0.1832
     562.5           0.1841
     561.3           0.1843
     557.5           0.1849
     554.6           0.1855
     552.5           0.1858
     547.9           0.1866
     547.5           0.1867
     542.5           0.1875
     541.3           0.1878
     537.5           0.1884
     534.7           0.1889
     532.5           0.1893
     528.2           0.1900
     527.5           0.1902
     522.5           0.1910
     521.6           0.1912
     517.5           0.1919
     515.1           0.1923
     512.5           0.1928
     508.6           0.1935
     507.5           0.1937
     502.5           0.1946
     502.1           0.1946
     497.5           0.1954
     495.6           0.1958
     492.5           0.1963
     489.2           0.1969
     487.5           0.1972
     482.8           0.1981
     482.5           0.1981
     477.5           0.1990
     476.5           0.1992
     472.5           0.2000
     470.2           0.2004
     467.5           0.2009
     464.0           0.2015
     462.5           0.2018
     457.7           0.2027
     457.5           0.2027
     452.5           0.2037
     451.6           0.2038
     447.5           0.2046
     445.5           0.2050
     442.5           0.2055
     439.5           0.2061
     437.5           0.2065
     433.5           0.2073
     432.5           0.2075
     427.6           0.2084
     427.5           0.2084
     422.5           0.2094
     421.8           0.2096
     417.5           0.2104
     416.1           0.2107
     412.5           0.2114
     410.5           0.2119
     407.5           0.2125
     405.0           0.2130
     402.5           0.2135
     399.6           0.2142
     397.5           0.2146
     394.2           0.2153
     392.5           0.2157
     389.1           0.2165
     387.5           0.2168
     384.0           0.2176
     382.5           0.2180
     379.2           0.2188
     377.5           0.2191
     374.4           0.2199
     372.5           0.2204
     369.9           0.2211
     367.5           0.2216
     365.4           0.2222
     362.5           0.2230
     361.1           0.2233
     357.5           0.2243
     356.9           0.2245
     352.8           0.2256
     352.5           0.2257
     348.7           0.2268
     347.5           0.2271
     344.8           0.2279
     342.5           0.2286
     340.9           0.2291
     337.5           0.2301
     337.1           0.2302
     333.4           0.2314
     332.5           0.2316
     329.7           0.2325
     327.5           0.2332
     326.1           0.2337
     322.5           0.2348
     322.5           0.2348
     319.1           0.2360
     317.5           0.2365
     315.7           0.2371
     312.5           0.2382
     312.3           0.2383
     309.0           0.2394
     307.5           0.2399
     305.7           0.2406
     302.5           0.2417
     302.5           0.2417
     299.4           0.2429
     297.5           0.2436
     296.3           0.2440
     293.2           0.2452
     292.5           0.2454
     290.3           0.2463
     287.5           0.2474
     287.3           0.2475
     284.5           0.2486
     282.5           0.2494
     281.6           0.2498
     278.8           0.2509
     277.5           0.2514
     276.1           0.2521
     273.4           0.2532
     272.5           0.2536
     270.8           0.2544
     268.1           0.2555
     267.5           0.2558
     265.6           0.2567
     263.1           0.2578
     262.5           0.2580
     260.6           0.2589
     258.2           0.2601
     257.5           0.2604
     255.8           0.2612
     253.4           0.2624
     252.5           0.2628
     251.1           0.2635
     248.8           0.2647
     247.5           0.2653
     246.6           0.2658
     244.4           0.2670
     242.5           0.2679
     242.1           0.2681
     240.0           0.2693
     237.8           0.2704
     237.5           0.2706
     235.7           0.2716
     233.6           0.2727
     232.5           0.2733
     231.5           0.2739
     229.4           0.2750
     227.5           0.2760
     227.2           0.2762
     225.2           0.2773
     223.1           0.2785
     222.5           0.2788
     221.0           0.2796
     218.9           0.2808
     217.5           0.2815
     216.8           0.2819
     214.7           0.2831
     212.5           0.2842
     212.5           0.2842
     210.5           0.2854
     208.3           0.2865
     207.5           0.2869
     206.1           0.2877
     204.0           0.2888
     202.5           0.2895
     201.8           0.2900
     199.7           0.2911
     197.5           0.2922
     197.4           0.2922
     195.4           0.2934
     193.1           0.2945
     192.5           0.2948
     191.0           0.2957
     189.0           0.2968
     187.5           0.2978
     187.3           0.2980
     186.0           0.2991
     184.8           0.3003
     183.7           0.3014
     182.6           0.3026
     182.5           0.3027
     181.6           0.3037
     180.4           0.3049
     179.2           0.3060
     178.0           0.3072
     177.5           0.3076
     176.7           0.3083
     175.4           0.3095
     174.1           0.3106
     172.7           0.3118
     172.5           0.3120
     171.4           0.3129
     170.1           0.3141
     168.8           0.3152
     167.5           0.3163
     167.4           0.3164
     166.2           0.3175
     164.9           0.3187
     163.6           0.3198
     162.5           0.3208
     162.3           0.3210
     161.1           0.3221
     159.8           0.3233
     158.5           0.3244
     157.5           0.3253
     157.3           0.3256
     156.1           0.3267
     154.9           0.3278
     153.6           0.3290
     152.5           0.3300
     152.4           0.3301
     151.4           0.3313
     150.4           0.3324
     149.4           0.3336
     148.3           0.3347
     147.5           0.3357
     147.3           0.3359
     146.5           0.3370
     145.6           0.3382
     144.8           0.3393
     143.9           0.3405
     143.0           0.3416
     142.5           0.3423
     142.1           0.3428
     141.3           0.3439
     140.5           0.3451
     139.6           0.3462
     138.8           0.3474
     137.9           0.3485
     137.5           0.3490
     137.0           0.3497
     136.2           0.3508
     135.3           0.3520
     134.5           0.3531
     133.6           0.3543
     132.6           0.3554
     132.5           0.3556
     131.8           0.3566
     130.8           0.3577
     129.8           0.3589
     128.8           0.3600
     127.7           0.3611
     127.5           0.3613
     126.6           0.3623
     125.4           0.3634
     124.2           0.3646
     123.0           0.3657
     122.5           0.3661
     121.7           0.3669
     120.5           0.3680
     119.1           0.3692
     117.6           0.3703
     117.5           0.3704
     116.3           0.3715
     114.8           0.3726
     113.4           0.3738
     112.5           0.3744
     111.9           0.3749
     110.5           0.3761
     109.0           0.3772
     107.5           0.3783
     107.4           0.3784
     106.0           0.3795
     104.6           0.3807
     103.1           0.3818
     102.5           0.3823
     101.3           0.3830
      99.1           0.3841
      97.5           0.3850
