# Contour PureWino, ExpPlus
#  mchi1pm dm(chi1pm-chi10)
      97.5           0.0017
     101.7           0.0017
     102.5           0.0018
     105.5           0.0029
     107.5           0.0037
     108.6           0.0040
     111.8           0.0052
     112.5           0.0054
     115.3           0.0063
     117.5           0.0071
     118.9           0.0075
     122.5           0.0086
     122.6           0.0086
     126.6           0.0098
     127.5           0.0100
     130.9           0.0109
     132.5           0.0114
     135.3           0.0121
     137.5           0.0126
     140.0           0.0132
     142.5           0.0138
     145.0           0.0144
     147.5           0.0149
     150.3           0.0155
     152.5           0.0160
     155.9           0.0167
     157.5           0.0170
     161.8           0.0178
     162.5           0.0179
     167.5           0.0188
     168.2           0.0189
     172.5           0.0197
     175.0           0.0201
     177.5           0.0205
     182.1           0.0212
     182.5           0.0213
     187.5           0.0221
     190.0           0.0224
     192.5           0.0228
     197.5           0.0234
     198.3           0.0235
     202.5           0.0241
     207.3           0.0247
     207.5           0.0247
     212.5           0.0253
     217.0           0.0258
     217.5           0.0259
     222.5           0.0265
     227.4           0.0270
     227.5           0.0270
     232.5           0.0275
     237.5           0.0280
     238.8           0.0281
     242.5           0.0285
     247.5           0.0290
     250.9           0.0293
     252.5           0.0294
     257.5           0.0299
     262.5           0.0303
     264.1           0.0304
     267.5           0.0307
     272.5           0.0311
     277.5           0.0315
     278.1           0.0316
     282.5           0.0319
     287.5           0.0323
     292.5           0.0327
     293.3           0.0327
     297.5           0.0330
     302.5           0.0334
     307.5           0.0338
     309.4           0.0339
     312.5           0.0341
     317.5           0.0344
     322.5           0.0348
     326.3           0.0350
     327.5           0.0351
     332.5           0.0354
     337.5           0.0358
     342.5           0.0361
     344.0           0.0362
     347.5           0.0364
     352.5           0.0367
     357.5           0.0370
     362.1           0.0373
     362.5           0.0373
     367.5           0.0377
     372.5           0.0380
     377.5           0.0383
     380.7           0.0385
     382.5           0.0386
     387.5           0.0389
     392.5           0.0392
     397.5           0.0395
     399.4           0.0396
     402.5           0.0398
     407.5           0.0401
     412.5           0.0404
     417.5           0.0407
     417.8           0.0408
     422.5           0.0411
     427.5           0.0414
     432.5           0.0417
     436.2           0.0419
     437.5           0.0420
     442.5           0.0423
     447.5           0.0426
     452.5           0.0430
     454.1           0.0431
     457.5           0.0433
     462.5           0.0436
     467.5           0.0439
     471.7           0.0442
     472.5           0.0443
     477.5           0.0446
     482.5           0.0449
     487.5           0.0453
     488.7           0.0454
     492.5           0.0456
     497.5           0.0460
     502.5           0.0463
     505.3           0.0465
     507.5           0.0467
     512.5           0.0470
     517.5           0.0474
     521.3           0.0477
     522.5           0.0477
     527.5           0.0481
     532.5           0.0485
     536.8           0.0488
     537.5           0.0489
     542.5           0.0492
     547.5           0.0496
     551.9           0.0500
     552.5           0.0500
     557.5           0.0504
     562.5           0.0508
     566.4           0.0511
     567.5           0.0512
     572.5           0.0516
     577.5           0.0520
     580.6           0.0522
     582.5           0.0524
     587.5           0.0528
     592.5           0.0533
     594.2           0.0534
     597.5           0.0537
     602.5           0.0541
     607.3           0.0545
     607.5           0.0546
     612.5           0.0550
     617.5           0.0555
     620.1           0.0557
     622.5           0.0559
     627.5           0.0564
     632.5           0.0568
     632.5           0.0568
     637.5           0.0573
     642.5           0.0578
     644.6           0.0580
     647.5           0.0583
     652.5           0.0588
     656.2           0.0591
     657.5           0.0593
     662.5           0.0598
     667.5           0.0603
     667.6           0.0603
     672.5           0.0608
     677.5           0.0613
     678.6           0.0614
     682.5           0.0619
     687.5           0.0624
     689.4           0.0626
     692.5           0.0629
     697.5           0.0635
     699.8           0.0637
     702.5           0.0640
     707.5           0.0646
     710.0           0.0649
     712.5           0.0652
     717.5           0.0658
     720.0           0.0660
     722.5           0.0663
     727.5           0.0669
     729.7           0.0672
     732.5           0.0675
     737.5           0.0681
     739.1           0.0683
     742.5           0.0688
     747.5           0.0694
     748.3           0.0695
     752.5           0.0700
     757.3           0.0706
     757.5           0.0706
     762.5           0.0713
     766.2           0.0718
     767.5           0.0720
     772.5           0.0726
     774.8           0.0729
     777.5           0.0733
     782.5           0.0740
     783.2           0.0741
     787.5           0.0747
     791.4           0.0752
     792.5           0.0754
     797.5           0.0761
     798.9           0.0764
     802.5           0.0771
     805.7           0.0775
     807.5           0.0778
     812.5           0.0785
     813.9           0.0787
     817.5           0.0792
     821.8           0.0798
     822.5           0.0799
     827.5           0.0807
     829.5           0.0810
     832.5           0.0814
     837.0           0.0821
     837.5           0.0822
     842.5           0.0830
     844.2           0.0833
     847.5           0.0838
     851.3           0.0844
     852.5           0.0846
     857.5           0.0854
     858.2           0.0856
     862.5           0.0863
     864.9           0.0867
     867.5           0.0872
     871.4           0.0878
     872.5           0.0881
     877.5           0.0890
     877.7           0.0890
     882.5           0.0899
     883.9           0.0901
     887.5           0.0908
     889.9           0.0913
     892.5           0.0918
     895.8           0.0924
     897.5           0.0928
     901.5           0.0936
     902.5           0.0938
     907.1           0.0947
     907.5           0.0948
     912.5           0.0959
     912.5           0.0959
     917.5           0.0970
     917.8           0.0970
     922.5           0.0981
     922.9           0.0982
     927.5           0.0992
     927.9           0.0993
     932.5           0.1004
     932.8           0.1005
     937.5           0.1016
     937.6           0.1016
     942.2           0.1028
     942.5           0.1029
     946.7           0.1039
     947.5           0.1041
     951.0           0.1051
     952.5           0.1055
     955.3           0.1062
     957.5           0.1069
     959.4           0.1074
     962.5           0.1083
     963.3           0.1085
     967.2           0.1097
     967.5           0.1098
     970.9           0.1108
     972.5           0.1113
     974.5           0.1120
     977.5           0.1129
     978.0           0.1131
     981.4           0.1143
     982.5           0.1147
     984.6           0.1154
     987.5           0.1165
     987.7           0.1166
     990.6           0.1177
     992.5           0.1185
     993.5           0.1189
     996.2           0.1200
     997.5           0.1206
     999.0           0.1211
    1001.8           0.1223
    1002.5           0.1226
    1004.3           0.1234
    1006.5           0.1246
    1007.5           0.1251
    1008.6           0.1257
    1010.5           0.1269
    1012.2           0.1280
    1012.5           0.1283
    1013.7           0.1292
    1014.9           0.1303
    1016.0           0.1315
    1016.7           0.1326
    1017.1           0.1338
    1017.2           0.1349
    1016.8           0.1361
    1016.0           0.1372
    1014.6           0.1384
    1012.7           0.1395
    1012.5           0.1396
    1010.1           0.1407
    1007.5           0.1416
    1006.9           0.1418
    1003.0           0.1430
    1002.5           0.1431
     997.9           0.1441
     997.5           0.1442
     992.9           0.1453
     992.5           0.1454
     987.5           0.1464
     987.5           0.1464
     982.5           0.1473
     981.4           0.1476
     977.5           0.1482
     974.7           0.1487
     972.5           0.1490
     967.5           0.1498
     967.2           0.1499
     962.5           0.1505
     959.1           0.1510
     957.5           0.1512
     952.5           0.1518
     950.0           0.1522
     947.5           0.1524
     942.5           0.1530
     939.7           0.1533
     937.5           0.1535
     932.5           0.1540
     927.6           0.1544
     927.5           0.1545
     922.5           0.1549
     917.5           0.1553
     913.0           0.1556
     912.5           0.1556
     907.5           0.1560
     902.5           0.1563
     897.5           0.1565
     893.8           0.1567
     892.5           0.1568
     887.5           0.1570
     882.5           0.1573
     877.5           0.1575
     872.5           0.1576
     867.5           0.1578
     865.6           0.1579
     862.5           0.1580
     857.5           0.1581
     852.5           0.1583
     847.5           0.1584
     842.5           0.1585
     837.5           0.1586
     832.5           0.1587
     827.5           0.1588
     822.5           0.1590
     818.0           0.1590
     817.5           0.1591
     812.5           0.1591
     807.5           0.1592
     802.5           0.1593
     797.5           0.1596
     792.5           0.1597
     787.5           0.1598
     782.5           0.1600
     777.5           0.1601
     773.1           0.1602
     772.5           0.1602
     767.5           0.1603
     762.5           0.1604
     757.5           0.1606
     752.5           0.1607
     747.5           0.1608
     742.5           0.1610
     737.5           0.1611
     732.5           0.1613
     730.9           0.1613
     727.5           0.1614
     722.5           0.1616
     717.5           0.1617
     712.5           0.1619
     707.5           0.1621
     702.5           0.1623
     697.5           0.1624
     696.2           0.1625
     692.5           0.1626
     687.5           0.1628
     682.5           0.1630
     677.5           0.1632
     672.5           0.1634
     667.5           0.1636
     666.9           0.1636
     662.5           0.1638
     657.5           0.1640
     652.5           0.1642
     647.5           0.1645
     642.5           0.1647
     641.3           0.1648
     637.5           0.1650
     632.5           0.1652
     627.5           0.1654
     622.5           0.1657
     618.4           0.1659
     617.5           0.1660
     612.5           0.1662
     607.5           0.1665
     602.5           0.1668
     597.6           0.1671
     597.5           0.1671
     592.5           0.1674
     587.5           0.1677
     582.5           0.1680
     578.4           0.1682
     577.5           0.1683
     572.5           0.1686
     567.5           0.1689
     562.5           0.1692
     560.6           0.1694
     557.5           0.1696
     552.5           0.1699
     547.5           0.1703
     543.9           0.1705
     542.5           0.1706
     537.5           0.1710
     532.5           0.1713
     528.4           0.1717
     527.5           0.1717
     522.5           0.1721
     517.5           0.1725
     513.9           0.1728
     512.5           0.1729
     507.5           0.1734
     502.5           0.1738
     500.8           0.1740
     497.5           0.1743
     492.5           0.1747
     489.0           0.1751
     487.5           0.1753
     482.5           0.1758
     478.3           0.1763
     477.5           0.1764
     472.5           0.1769
     468.3           0.1774
     467.5           0.1775
     462.5           0.1781
     458.7           0.1786
     457.5           0.1787
     452.5           0.1793
     449.2           0.1797
     447.5           0.1799
     442.5           0.1805
     439.9           0.1809
     437.5           0.1811
     432.5           0.1818
     430.6           0.1820
     427.5           0.1824
     422.5           0.1830
     421.5           0.1832
     417.5           0.1836
     412.5           0.1843
     412.4           0.1843
     407.5           0.1849
     403.4           0.1855
     402.5           0.1856
     397.5           0.1862
     394.3           0.1866
     392.5           0.1868
     387.5           0.1875
     385.3           0.1878
     382.5           0.1881
     377.5           0.1887
     376.2           0.1889
     372.5           0.1893
     367.5           0.1900
     367.0           0.1900
     362.5           0.1906
     357.9           0.1912
     357.5           0.1912
     352.5           0.1918
     348.7           0.1923
     347.5           0.1925
     342.5           0.1931
     339.4           0.1935
     337.5           0.1937
     332.5           0.1943
     330.2           0.1946
     327.5           0.1950
     322.5           0.1956
     321.0           0.1958
     317.5           0.1962
     312.5           0.1968
     311.9           0.1969
     307.5           0.1975
     302.8           0.1981
     302.5           0.1981
     297.5           0.1988
     294.0           0.1992
     292.5           0.1994
     287.5           0.2001
     285.3           0.2004
     282.5           0.2007
     277.5           0.2014
     276.8           0.2015
     272.5           0.2021
     268.6           0.2027
     267.5           0.2028
     262.5           0.2035
     260.7           0.2038
     257.5           0.2043
     252.9           0.2050
     252.5           0.2050
     247.5           0.2058
     245.2           0.2061
     242.5           0.2065
     237.5           0.2073
     237.4           0.2073
     232.5           0.2080
     229.9           0.2084
     227.5           0.2088
     222.6           0.2096
     222.5           0.2096
     217.5           0.2104
     215.6           0.2107
     212.5           0.2112
     208.6           0.2119
     207.5           0.2120
     202.5           0.2129
     201.8           0.2130
     197.5           0.2137
     195.2           0.2142
     192.5           0.2146
     188.6           0.2153
     187.5           0.2155
     182.5           0.2164
     182.1           0.2165
     177.5           0.2173
     175.9           0.2176
     172.5           0.2182
     169.7           0.2188
     167.5           0.2191
     163.6           0.2199
     162.5           0.2201
     157.7           0.2211
     157.5           0.2211
     152.5           0.2221
     152.0           0.2222
     147.5           0.2231
     146.5           0.2233
     142.5           0.2242
     141.2           0.2245
     137.5           0.2253
     136.0           0.2256
     132.5           0.2264
     131.0           0.2268
     127.5           0.2276
     126.2           0.2279
     122.5           0.2288
     121.6           0.2291
     117.5           0.2301
     117.1           0.2302
     112.9           0.2314
     112.5           0.2315
     108.9           0.2325
     107.5           0.2329
     105.0           0.2337
     102.5           0.2344
      97.7           0.2348
      97.5           0.2348
