 mchi1pm   dm(chi1pm-chi10)            obs     exp-2sigma     exp-1sigma            exp     exp+1sigma     exp+2sigma
     100              0.159     0.02279028     0.01268396     0.01796066     0.02705691     0.04194317     0.06258634
     100              0.259     0.46456197     0.17826215     0.24720047     0.36803546     0.56899838     0.85909238
     100              0.359     5.58136998     2.02360651     3.18759155     5.56903092    10.58691697    16.88669468
     100              0.409    31.37685297    10.71205472    18.97316825    40.92591207    82.35642967   124.11373944
     100              0.459   192.17745751    31.42439090    60.04909254   157.74976359   317.45930966   478.41599004
     100              0.559     0.00000000     0.00000000     0.00000000     0.00000000     0.00000000     0.00000000
     100              0.759     0.00000000     0.00000000     0.00000000     0.00000000     0.00000000     0.00000000
     100              0.959     0.00000000     0.00000000     0.00000000     0.00000000     0.00000000     0.00000000
     100              1.259     0.00000000     0.00000000     0.00000000     0.00000000     0.00000000     0.00000000
     100              1.759     0.00000000     0.00000000     0.00000000     0.00000000     0.00000000     0.00000000
     100              3.259     0.00000000     0.00000000     0.00000000     0.00000000     0.00000000     0.00000000
     100              4.259     0.00000000     0.00000000     0.00000000     0.00000000     0.00000000     0.00000000
     100              5.259     0.00000000     0.00000000     0.00000000     0.00000000     0.00000000     0.00000000
     115              0.168     0.02415906     0.01334070     0.01880471     0.02822320     0.04352501     0.06483917
     115              0.268     0.44283909     0.17503719     0.24307020     0.36431384     0.56907904     0.87210489
     115              0.368     8.96026816     2.54440907     3.81442016     6.51237116    12.37767277    19.74329835
     115              0.418    32.16332633     9.74787250    17.58223065    38.39824239    77.26759319   116.44520009
     115              0.468     0.00000000     0.00000000     0.00000000     0.00000000     0.00000000     0.00000000
     115              0.568     0.00000000     0.00000000     0.00000000     0.00000000     0.00000000     0.00000000
     115              0.768     0.00000000     0.00000000     0.00000000     0.00000000     0.00000000     0.00000000
     115              0.968     0.00000000     0.00000000     0.00000000     0.00000000     0.00000000     0.00000000
     115              1.268     0.00000000     0.00000000     0.00000000     0.00000000     0.00000000     0.00000000
     115              1.768     0.00000000     0.00000000     0.00000000     0.00000000     0.00000000     0.00000000
     115              3.268     0.00000000     0.00000000     0.00000000     0.00000000     0.00000000     0.00000000
     115              4.268     0.00000000     0.00000000     0.00000000     0.00000000     0.00000000     0.00000000
     115              5.268     0.00000000     0.00000000     0.00000000     0.00000000     0.00000000     0.00000000
     140              0.179     0.02845703     0.01531046     0.02139000     0.03186603     0.04888529     0.07232756
     140              0.279     0.65988285     0.23044838     0.32225637     0.49163696     0.78552569     1.23445647
     140              0.379    17.29960413     4.71292139     7.87812113    15.66904668    31.52992365    47.51723421
     140              0.429   321.63310958    29.07058808    57.19712155   173.07667724   348.31209266   524.91324042
     140              0.479     0.00000000     0.00000000     0.00000000     0.00000000     0.00000000     0.00000000
     140              0.579     0.00000000     0.00000000     0.00000000     0.00000000     0.00000000     0.00000000
     140              0.779     0.00000000     0.00000000     0.00000000     0.00000000     0.00000000     0.00000000
     140              0.979     0.00000000     0.00000000     0.00000000     0.00000000     0.00000000     0.00000000
     140              1.279     0.00000000     0.00000000     0.00000000     0.00000000     0.00000000     0.00000000
     140              1.779     0.00000000     0.00000000     0.00000000     0.00000000     0.00000000     0.00000000
     140              3.279     0.00000000     0.00000000     0.00000000     0.00000000     0.00000000     0.00000000
     140              4.279     0.00000000     0.00000000     0.00000000     0.00000000     0.00000000     0.00000000
     140              5.279     0.00000000     0.00000000     0.00000000     0.00000000     0.00000000     0.00000000
     160              0.187     0.03347961     0.01743221     0.02425439     0.03599466     0.05507641     0.08205968
     160              0.287     0.96326947     0.35141188     0.49902309     0.76235420     1.21809623     1.93124670
     160              0.387    53.06250244    19.14266031    31.54746116    64.49306534   129.78931922   195.59128442
     160              0.437   251.22871901   103.20523379   170.92138276   361.92491232   728.36565131  1097.66464294
     160              0.487     0.00000000     0.00000000     0.00000000     0.00000000     0.00000000     0.00000000
     160              0.587     0.00000000     0.00000000     0.00000000     0.00000000     0.00000000     0.00000000
     160              0.787     0.00000000     0.00000000     0.00000000     0.00000000     0.00000000     0.00000000
     160              0.987     0.00000000     0.00000000     0.00000000     0.00000000     0.00000000     0.00000000
     160              1.287     0.00000000     0.00000000     0.00000000     0.00000000     0.00000000     0.00000000
     160              1.787     0.00000000     0.00000000     0.00000000     0.00000000     0.00000000     0.00000000
     160              3.287     0.00000000     0.00000000     0.00000000     0.00000000     0.00000000     0.00000000
     160              4.287     0.00000000     0.00000000     0.00000000     0.00000000     0.00000000     0.00000000
     160              5.287     0.00000000     0.00000000     0.00000000     0.00000000     0.00000000     0.00000000
     180              0.193     0.03820119     0.01948426     0.02709924     0.04022150     0.06137639     0.09136039
     180              0.293     1.30641880     0.44247298     0.62433420     0.95970646     1.54897043     2.46919663
     180              0.393    29.07561742    11.70999608    19.01612510    35.68772727    71.81710311   108.23165773
     180              0.443     0.00000000     0.00000000     0.00000000     0.00000000     0.00000000     0.00000000
     180              0.493     0.00000000     0.00000000     0.00000000     0.00000000     0.00000000     0.00000000
     180              0.593     0.00000000     0.00000000     0.00000000     0.00000000     0.00000000     0.00000000
     180              0.793     0.00000000     0.00000000     0.00000000     0.00000000     0.00000000     0.00000000
     180              0.993     0.00000000     0.00000000     0.00000000     0.00000000     0.00000000     0.00000000
     180              1.293     0.00000000     0.00000000     0.00000000     0.00000000     0.00000000     0.00000000
     180              3.293     0.00000000     0.00000000     0.00000000     0.00000000     0.00000000     0.00000000
     180              4.293     0.00000000     0.00000000     0.00000000     0.00000000     0.00000000     0.00000000
     180              5.293     0.00000000     0.00000000     0.00000000     0.00000000     0.00000000     0.00000000
     200              0.198     0.04254643     0.02155656     0.02997744     0.04449582     0.06789976     0.10107328
     200              0.298     2.20108336     0.73576749     1.02902202     1.56960541     2.50821127     4.01227692
     200              0.398    40.31470500     5.91369178    12.91503393    43.25201226    87.03808038   131.16933096
     200              0.448     0.00000000     0.00000000     0.00000000     0.00000000     0.00000000     0.00000000
     200              0.498     0.00000000     0.00000000     0.00000000     0.00000000     0.00000000     0.00000000
     200              0.598     0.00000000     0.00000000     0.00000000     0.00000000     0.00000000     0.00000000
     200              0.798     0.00000000     0.00000000     0.00000000     0.00000000     0.00000000     0.00000000
     200              0.998     0.00000000     0.00000000     0.00000000     0.00000000     0.00000000     0.00000000
     200              1.298     0.00000000     0.00000000     0.00000000     0.00000000     0.00000000     0.00000000
     200              3.298     0.00000000     0.00000000     0.00000000     0.00000000     0.00000000     0.00000000
     200              4.298     0.00000000     0.00000000     0.00000000     0.00000000     0.00000000     0.00000000
     200              5.298     0.00000000     0.00000000     0.00000000     0.00000000     0.00000000     0.00000000
     225              0.203     0.05612905     0.02617014     0.03608117     0.05316829     0.08114500     0.12078912
     225              0.303     1.70420393     0.64965515     0.90810672     1.38559911     2.21405462     3.52581042
     225              0.403   135.51658552    49.80504830    87.95287702   202.38510016   407.28185247   613.78921579
     225              0.503     0.00000000     0.00000000     0.00000000     0.00000000     0.00000000     0.00000000
     225              0.603     0.00000000     0.00000000     0.00000000     0.00000000     0.00000000     0.00000000
     225              0.803     0.00000000     0.00000000     0.00000000     0.00000000     0.00000000     0.00000000
     225              1.003     0.00000000     0.00000000     0.00000000     0.00000000     0.00000000     0.00000000
     225              1.303     0.00000000     0.00000000     0.00000000     0.00000000     0.00000000     0.00000000
     225              1.803     0.00000000     0.00000000     0.00000000     0.00000000     0.00000000     0.00000000
     225              2.303     0.00000000     0.00000000     0.00000000     0.00000000     0.00000000     0.00000000
     225              3.303     0.00000000     0.00000000     0.00000000     0.00000000     0.00000000     0.00000000
     250              0.208     0.06896786     0.03117199     0.04318309     0.06385070     0.09796506     0.14643587
     250              0.308     3.22080709     1.01517867     1.44612041     2.24046823     3.70481254     6.10822392
     250              0.408     0.00000000     0.00000000     0.00000000     0.00000000     0.00000000     0.00000000
     250              0.458     0.00000000     0.00000000     0.00000000     0.00000000     0.00000000     0.00000000
     250              0.508     0.00000000     0.00000000     0.00000000     0.00000000     0.00000000     0.00000000
     250              0.608     0.00000000     0.00000000     0.00000000     0.00000000     0.00000000     0.00000000
     250              0.808     0.00000000     0.00000000     0.00000000     0.00000000     0.00000000     0.00000000
     250              1.008     0.00000000     0.00000000     0.00000000     0.00000000     0.00000000     0.00000000
     250              1.308     0.00000000     0.00000000     0.00000000     0.00000000     0.00000000     0.00000000
     250              3.308     0.00000000     0.00000000     0.00000000     0.00000000     0.00000000     0.00000000
     250              4.308     0.00000000     0.00000000     0.00000000     0.00000000     0.00000000     0.00000000
     250              5.308     0.00000000     0.00000000     0.00000000     0.00000000     0.00000000     0.00000000
     300              0.165     0.01018615     0.00588236     0.00828364     0.01255144     0.01945704     0.02925240
     300              0.215     0.09109408     0.04015038     0.05543164     0.08222947     0.12614453     0.18953206
     300              0.315     4.75966311     1.46252931     2.07943319     3.25606056     5.46274024     9.20765284
     300              0.415     0.00000000     0.00000000     0.00000000     0.00000000     0.00000000     0.00000000
     300              0.465     0.00000000     0.00000000     0.00000000     0.00000000     0.00000000     0.00000000
     300              0.515     0.00000000     0.00000000     0.00000000     0.00000000     0.00000000     0.00000000
     300              0.615     0.00000000     0.00000000     0.00000000     0.00000000     0.00000000     0.00000000
     300              0.815     0.00000000     0.00000000     0.00000000     0.00000000     0.00000000     0.00000000
     300              1.015     0.00000000     0.00000000     0.00000000     0.00000000     0.00000000     0.00000000
     300              1.315     0.00000000     0.00000000     0.00000000     0.00000000     0.00000000     0.00000000
     300              3.315     0.00000000     0.00000000     0.00000000     0.00000000     0.00000000     0.00000000
     300              4.315     0.00000000     0.00000000     0.00000000     0.00000000     0.00000000     0.00000000
     300              5.315     0.00000000     0.00000000     0.00000000     0.00000000     0.00000000     0.00000000
     400              0.174     0.01314913     0.00733673     0.01039252     0.01564932     0.02432518     0.03650558
     400              0.224     0.15181511     0.05941271     0.08289116     0.12468852     0.19577531     0.30037295
     400              0.324     5.58247830     1.64786101     2.46480905     4.13710868     7.59924605    12.54050159
     400              0.424     0.00000000     0.00000000     0.00000000     0.00000000     0.00000000     0.00000000
     500              0.180     0.01651237     0.00911454     0.01282231     0.01944141     0.03021958     0.04557272
     500              0.230     0.20892044     0.07860914     0.10966684     0.16497360     0.26033132     0.40364098
     500              0.330    31.51524021    10.22934479    16.39105136    31.55106409    63.49293409    95.68231450
     500              0.430     0.00000000     0.00000000     0.00000000     0.00000000     0.00000000     0.00000000
     500              0.480     0.00000000     0.00000000     0.00000000     0.00000000     0.00000000     0.00000000
     500              0.530     0.00000000     0.00000000     0.00000000     0.00000000     0.00000000     0.00000000
     500              0.630     0.00000000     0.00000000     0.00000000     0.00000000     0.00000000     0.00000000
     500              0.830     0.00000000     0.00000000     0.00000000     0.00000000     0.00000000     0.00000000
     500              1.030     0.00000000     0.00000000     0.00000000     0.00000000     0.00000000     0.00000000
     500              1.330     0.00000000     0.00000000     0.00000000     0.00000000     0.00000000     0.00000000
     500              2.330     0.00000000     0.00000000     0.00000000     0.00000000     0.00000000     0.00000000
     500              3.330     0.00000000     0.00000000     0.00000000     0.00000000     0.00000000     0.00000000
     500              4.330     0.00000000     0.00000000     0.00000000     0.00000000     0.00000000     0.00000000
     500              5.330     0.00000000     0.00000000     0.00000000     0.00000000     0.00000000     0.00000000
     700              0.238     0.34219768     0.13044267     0.18352980     0.27822934     0.44124970     0.69105599
     700              0.338   455.59625464    41.36596610    81.38235284   246.25747458   495.57641106   746.84272716
     900              0.142     0.00154015     0.00082070     0.00124349     0.00202155     0.00335741     0.00525284
     900              0.242     0.60345571     0.24560441     0.34412079     0.51952799     0.82194237     1.28980934
     900              0.342  2792.34970954   485.62240173   955.44472877  2891.10714293  5818.21727795  8768.20547528
    1100              0.145     0.00173719     0.00093329     0.00141478     0.00229928     0.00378406     0.00596456
    1100              0.245     0.77847765     0.26027298     0.37967857     0.60014969     0.99251022     1.61041466
    1100              0.345    20.43441357     6.37046057    10.90775476    23.97632329    48.25540935    72.71698256
