# Contour PureWino, ObsPlus
#  mchi1pm dm(chi1pm-chi10)
      97.5           0.0065
     102.5           0.0069
     104.1           0.0075
     107.1           0.0086
     107.5           0.0088
     110.5           0.0098
     112.5           0.0105
     113.9           0.0109
     117.4           0.0121
     117.5           0.0121
     121.3           0.0132
     122.5           0.0136
     125.3           0.0144
     127.5           0.0150
     129.5           0.0155
     132.5           0.0163
     134.0           0.0167
     137.5           0.0175
     138.7           0.0178
     142.5           0.0187
     143.8           0.0189
     147.5           0.0198
     149.2           0.0201
     152.5           0.0208
     155.0           0.0212
     157.5           0.0218
     161.1           0.0224
     162.5           0.0227
     167.5           0.0235
     167.5           0.0235
     172.5           0.0244
     174.6           0.0247
     177.5           0.0252
     182.1           0.0258
     182.5           0.0259
     187.5           0.0266
     190.4           0.0270
     192.5           0.0273
     197.5           0.0279
     199.2           0.0281
     202.5           0.0286
     207.5           0.0291
     208.8           0.0293
     212.5           0.0297
     217.5           0.0303
     219.2           0.0304
     222.5           0.0308
     227.5           0.0313
     230.6           0.0316
     232.5           0.0318
     237.5           0.0323
     242.5           0.0327
     242.8           0.0327
     247.5           0.0332
     252.5           0.0336
     256.3           0.0339
     257.5           0.0340
     262.5           0.0344
     267.5           0.0348
     270.9           0.0350
     272.5           0.0352
     277.5           0.0355
     282.5           0.0359
     286.7           0.0362
     287.5           0.0362
     292.5           0.0366
     297.5           0.0369
     302.5           0.0372
     303.8           0.0373
     307.5           0.0376
     312.5           0.0379
     317.5           0.0382
     321.9           0.0385
     322.5           0.0385
     327.5           0.0388
     332.5           0.0391
     337.5           0.0394
     341.0           0.0396
     342.5           0.0397
     347.5           0.0400
     352.5           0.0403
     357.5           0.0406
     360.7           0.0408
     362.5           0.0409
     367.5           0.0412
     372.5           0.0415
     377.5           0.0417
     380.8           0.0419
     382.5           0.0420
     387.5           0.0423
     392.5           0.0426
     397.5           0.0429
     400.9           0.0431
     402.5           0.0432
     407.5           0.0435
     412.5           0.0437
     417.5           0.0440
     420.8           0.0442
     422.5           0.0443
     427.5           0.0446
     432.5           0.0449
     437.5           0.0452
     440.4           0.0454
     442.5           0.0455
     447.5           0.0458
     452.5           0.0461
     457.5           0.0464
     459.5           0.0465
     462.5           0.0467
     467.5           0.0470
     472.5           0.0473
     477.5           0.0476
     477.9           0.0477
     482.5           0.0480
     487.5           0.0483
     492.5           0.0486
     495.8           0.0488
     497.5           0.0489
     502.5           0.0493
     507.5           0.0496
     512.5           0.0499
     513.1           0.0500
     517.5           0.0503
     522.5           0.0506
     527.5           0.0509
     529.8           0.0511
     532.5           0.0513
     537.5           0.0517
     542.5           0.0520
     545.8           0.0522
     547.5           0.0524
     552.5           0.0528
     557.5           0.0531
     561.3           0.0534
     562.5           0.0535
     567.5           0.0539
     572.5           0.0543
     576.3           0.0545
     577.5           0.0546
     582.5           0.0550
     587.5           0.0554
     590.7           0.0557
     592.5           0.0558
     597.5           0.0563
     602.5           0.0567
     604.5           0.0568
     607.5           0.0571
     612.5           0.0575
     617.5           0.0580
     617.8           0.0580
     622.5           0.0584
     627.5           0.0589
     630.7           0.0591
     632.5           0.0593
     637.5           0.0598
     642.5           0.0602
     643.2           0.0603
     647.5           0.0607
     652.5           0.0612
     655.3           0.0614
     657.5           0.0617
     662.5           0.0621
     667.0           0.0626
     667.5           0.0626
     672.5           0.0631
     677.5           0.0636
     678.4           0.0637
     682.5           0.0642
     687.5           0.0647
     689.5           0.0649
     692.5           0.0652
     697.5           0.0657
     700.3           0.0660
     702.5           0.0663
     707.5           0.0668
     710.8           0.0672
     712.5           0.0674
     717.5           0.0679
     721.0           0.0683
     722.5           0.0685
     727.5           0.0691
     730.9           0.0695
     732.5           0.0697
     737.5           0.0703
     740.6           0.0706
     742.5           0.0709
     747.5           0.0715
     750.0           0.0718
     752.5           0.0721
     757.5           0.0727
     759.3           0.0729
     762.5           0.0733
     767.5           0.0740
     768.2           0.0741
     772.5           0.0746
     777.0           0.0752
     777.5           0.0753
     782.5           0.0760
     785.6           0.0764
     787.5           0.0766
     792.5           0.0773
     794.0           0.0775
     797.5           0.0780
     800.8           0.0787
     802.5           0.0790
     807.5           0.0797
     808.4           0.0798
     812.5           0.0804
     816.7           0.0810
     817.5           0.0811
     822.5           0.0818
     824.7           0.0821
     827.5           0.0825
     832.5           0.0833
     832.5           0.0833
     837.5           0.0840
     840.0           0.0844
     842.5           0.0848
     847.3           0.0856
     847.5           0.0856
     852.5           0.0864
     854.4           0.0867
     857.5           0.0872
     861.3           0.0878
     862.5           0.0881
     867.5           0.0889
     868.0           0.0890
     872.5           0.0898
     874.5           0.0901
     877.5           0.0907
     880.8           0.0913
     882.5           0.0916
     887.0           0.0924
     887.5           0.0925
     892.5           0.0935
     893.0           0.0936
     897.5           0.0945
     898.8           0.0947
     902.5           0.0955
     904.5           0.0959
     907.5           0.0965
     910.0           0.0970
     912.5           0.0976
     915.4           0.0982
     917.5           0.0986
     920.6           0.0993
     922.5           0.0998
     925.7           0.1005
     927.5           0.1009
     930.7           0.1016
     932.5           0.1021
     935.4           0.1028
     937.5           0.1033
     940.1           0.1039
     942.5           0.1045
     944.6           0.1051
     947.5           0.1058
     949.0           0.1062
     952.5           0.1072
     953.2           0.1074
     957.3           0.1085
     957.5           0.1086
     961.3           0.1097
     962.5           0.1100
     965.1           0.1108
     967.5           0.1116
     968.8           0.1120
     972.4           0.1131
     972.5           0.1132
     975.8           0.1143
     977.5           0.1149
     979.1           0.1154
     982.2           0.1166
     982.5           0.1167
     985.2           0.1177
     987.5           0.1186
     988.1           0.1189
     990.8           0.1200
     992.5           0.1208
     993.4           0.1211
     995.8           0.1223
     997.5           0.1232
     998.1           0.1234
    1000.6           0.1246
    1002.5           0.1256
    1002.8           0.1257
    1004.6           0.1269
    1006.2           0.1280
    1007.5           0.1292
    1007.5           0.1292
    1008.6           0.1303
    1009.5           0.1315
    1010.0           0.1326
    1010.1           0.1338
    1009.9           0.1349
    1009.2           0.1361
    1008.0           0.1372
    1007.5           0.1375
    1006.2           0.1384
    1003.8           0.1395
    1002.5           0.1400
    1000.6           0.1407
     997.5           0.1415
     996.6           0.1418
     992.5           0.1430
     992.5           0.1430
     987.7           0.1441
     987.5           0.1442
     982.5           0.1452
     982.4           0.1453
     977.5           0.1462
     976.3           0.1464
     972.5           0.1471
     969.6           0.1476
     967.5           0.1479
     962.5           0.1487
     962.2           0.1487
     957.5           0.1493
     953.8           0.1499
     952.5           0.1500
     947.5           0.1506
     944.4           0.1510
     942.5           0.1512
     937.5           0.1517
     933.4           0.1522
     932.5           0.1522
     927.5           0.1527
     922.5           0.1531
     920.1           0.1533
     917.5           0.1535
     912.5           0.1538
     907.5           0.1541
     902.5           0.1544
     902.3           0.1544
     897.5           0.1547
     892.5           0.1549
     887.5           0.1551
     882.5           0.1553
     877.5           0.1555
     873.6           0.1556
     872.5           0.1556
     867.5           0.1558
     862.5           0.1559
     857.5           0.1560
     852.5           0.1561
     847.5           0.1562
     842.5           0.1562
     837.5           0.1563
     832.5           0.1564
     827.5           0.1564
     822.5           0.1565
     817.5           0.1565
     812.5           0.1566
     807.5           0.1566
     802.5           0.1567
     801.4           0.1567
     797.5           0.1569
     792.5           0.1570
     787.5           0.1571
     782.5           0.1572
     777.5           0.1572
     772.5           0.1573
     767.5           0.1574
     762.5           0.1575
     757.5           0.1576
     752.5           0.1577
     747.5           0.1578
     742.8           0.1579
     742.5           0.1579
     737.5           0.1580
     732.5           0.1581
     727.5           0.1582
     722.5           0.1583
     717.5           0.1585
     712.5           0.1586
     707.5           0.1587
     702.5           0.1589
     697.5           0.1590
     696.8           0.1590
     692.5           0.1592
     687.5           0.1593
     682.5           0.1595
     677.5           0.1596
     672.5           0.1598
     667.5           0.1600
     662.5           0.1602
     662.2           0.1602
     657.5           0.1604
     652.5           0.1605
     647.5           0.1607
     642.5           0.1610
     637.5           0.1612
     633.8           0.1613
     632.5           0.1614
     627.5           0.1616
     622.5           0.1618
     617.5           0.1621
     612.5           0.1623
     609.3           0.1625
     607.5           0.1626
     602.5           0.1628
     597.5           0.1631
     592.5           0.1634
     587.5           0.1636
     587.5           0.1636
     582.5           0.1639
     577.5           0.1642
     572.5           0.1645
     567.7           0.1648
     567.5           0.1648
     562.5           0.1651
     557.5           0.1654
     552.5           0.1657
     549.8           0.1659
     547.5           0.1661
     542.5           0.1664
     537.5           0.1668
     533.2           0.1671
     532.5           0.1671
     527.5           0.1675
     522.5           0.1679
     518.0           0.1682
     517.5           0.1683
     512.5           0.1687
     507.5           0.1691
     504.2           0.1694
     502.5           0.1695
     497.5           0.1700
     492.5           0.1704
     491.5           0.1705
     487.5           0.1709
     482.5           0.1714
     479.9           0.1717
     477.5           0.1719
     472.5           0.1724
     469.0           0.1728
     467.5           0.1730
     462.5           0.1735
     458.7           0.1740
     457.5           0.1741
     452.5           0.1747
     448.7           0.1751
     447.5           0.1753
     442.5           0.1758
     439.0           0.1763
     437.5           0.1764
     432.5           0.1770
     429.5           0.1774
     427.5           0.1776
     422.5           0.1782
     420.1           0.1786
     417.5           0.1789
     412.5           0.1795
     410.7           0.1797
     407.5           0.1801
     402.5           0.1807
     401.4           0.1809
     397.5           0.1813
     392.5           0.1819
     392.0           0.1820
     387.5           0.1825
     382.6           0.1832
     382.5           0.1832
     377.5           0.1838
     373.1           0.1843
     372.5           0.1844
     367.5           0.1850
     363.5           0.1855
     362.5           0.1856
     357.5           0.1861
     353.8           0.1866
     352.5           0.1867
     347.5           0.1873
     344.0           0.1878
     342.5           0.1879
     337.5           0.1885
     334.0           0.1889
     332.5           0.1891
     327.5           0.1896
     324.0           0.1900
     322.5           0.1902
     317.5           0.1908
     313.9           0.1912
     312.5           0.1913
     307.5           0.1919
     303.9           0.1923
     302.5           0.1925
     297.5           0.1931
     293.8           0.1935
     292.5           0.1936
     287.5           0.1942
     283.9           0.1946
     282.5           0.1948
     277.5           0.1954
     274.1           0.1958
     272.5           0.1960
     267.5           0.1966
     264.4           0.1969
     262.5           0.1972
     257.5           0.1978
     254.9           0.1981
     252.5           0.1984
     247.5           0.1990
     245.5           0.1992
     242.5           0.1996
     237.5           0.2002
     236.2           0.2004
     232.5           0.2008
     227.5           0.2015
     227.3           0.2015
     222.5           0.2022
     219.5           0.2027
     217.5           0.2030
     212.5           0.2038
     212.2           0.2038
     207.5           0.2046
     205.2           0.2050
     202.5           0.2054
     198.2           0.2061
     197.5           0.2062
     192.5           0.2071
     191.3           0.2073
     187.5           0.2079
     184.5           0.2084
     182.5           0.2087
     177.7           0.2096
     177.5           0.2096
     172.5           0.2105
     171.2           0.2107
     167.5           0.2114
     164.8           0.2119
     162.5           0.2123
     158.6           0.2130
     157.5           0.2132
     152.5           0.2142
     152.5           0.2142
     147.5           0.2151
     146.7           0.2153
     142.5           0.2161
     141.1           0.2165
     137.5           0.2172
     135.7           0.2176
     132.5           0.2183
     130.5           0.2188
     127.5           0.2194
     125.5           0.2199
     122.5           0.2206
     120.8           0.2211
     117.5           0.2218
     116.3           0.2222
     112.5           0.2232
     111.9           0.2233
     107.7           0.2245
     107.5           0.2245
     103.8           0.2256
     102.5           0.2260
      97.5           0.2264
