# Contour PureHiggsino, ExpPlus2
#  mchi1pm dm(chi1pm-chi10)
      97.5           0.6381
      98.0           0.6390
      98.5           0.6402
      99.0           0.6413
      99.6           0.6425
     100.1           0.6436
     100.6           0.6448
     101.2           0.6459
     101.7           0.6471
     102.2           0.6482
     102.5           0.6489
     102.6           0.6494
     102.9           0.6505
     103.2           0.6517
     103.6           0.6528
     103.9           0.6540
     104.2           0.6551
     104.5           0.6563
     104.7           0.6574
     105.0           0.6586
     105.3           0.6597
     105.6           0.6609
     105.9           0.6620
     106.2           0.6632
     106.5           0.6643
     106.8           0.6655
     107.1           0.6666
     107.3           0.6678
     107.5           0.6684
     107.6           0.6689
     108.0           0.6700
     108.3           0.6712
     108.6           0.6723
     108.9           0.6735
     109.2           0.6746
     109.5           0.6758
     109.8           0.6769
     110.1           0.6781
     110.4           0.6792
     110.8           0.6804
     111.1           0.6815
     111.3           0.6827
     111.6           0.6838
     111.9           0.6850
     112.2           0.6861
     112.5           0.6872
     112.5           0.6873
     112.9           0.6884
     113.2           0.6896
     113.5           0.6907
     113.8           0.6919
     114.1           0.6930
     114.5           0.6942
     114.8           0.6953
     115.1           0.6965
     115.4           0.6976
     115.7           0.6988
     116.0           0.6999
     116.3           0.7011
     116.6           0.7022
     116.9           0.7033
     117.2           0.7045
     117.5           0.7055
     117.5           0.7056
     117.9           0.7068
     118.2           0.7079
     118.5           0.7091
     118.9           0.7102
     119.2           0.7114
     119.5           0.7125
     119.9           0.7137
     120.2           0.7148
     120.5           0.7160
     120.8           0.7171
     121.1           0.7183
     121.4           0.7194
     121.7           0.7206
     122.0           0.7217
     122.4           0.7229
     122.5           0.7234
     122.7           0.7240
     123.0           0.7252
     123.4           0.7263
     123.7           0.7275
     124.0           0.7286
     124.4           0.7298
     124.7           0.7309
     125.0           0.7321
     125.4           0.7332
     125.7           0.7344
     126.0           0.7355
     126.3           0.7367
     126.6           0.7378
     126.9           0.7389
     127.2           0.7401
     127.5           0.7410
     127.6           0.7412
     127.9           0.7424
     128.3           0.7435
     128.6           0.7447
     128.9           0.7458
     129.3           0.7470
     129.6           0.7481
     130.0           0.7493
     130.3           0.7504
     130.6           0.7516
     130.9           0.7527
     131.3           0.7539
     131.6           0.7550
     131.9           0.7562
     132.2           0.7573
     132.5           0.7584
     132.5           0.7585
     132.9           0.7596
     133.2           0.7608
     133.6           0.7619
     133.9           0.7631
     134.3           0.7642
     134.6           0.7654
     134.9           0.7665
     135.3           0.7677
     135.6           0.7688
     135.9           0.7700
     136.3           0.7711
     136.6           0.7722
     136.9           0.7734
     137.2           0.7745
     137.5           0.7755
     137.5           0.7757
     137.9           0.7768
     138.3           0.7780
     138.6           0.7791
     139.0           0.7803
     139.3           0.7814
     139.7           0.7826
     140.0           0.7837
     140.3           0.7849
     140.7           0.7860
     141.0           0.7872
     141.3           0.7883
     141.6           0.7895
     142.0           0.7906
     142.3           0.7918
     142.5           0.7925
     142.6           0.7929
     143.0           0.7941
     143.3           0.7952
     143.7           0.7964
     144.1           0.7975
     144.4           0.7987
     144.7           0.7998
     145.1           0.8010
     145.4           0.8021
     145.8           0.8033
     146.1           0.8044
     146.4           0.8056
     146.8           0.8067
     147.1           0.8078
     147.4           0.8090
     147.5           0.8094
     147.8           0.8101
     148.2           0.8113
     148.6           0.8124
     149.0           0.8136
     149.4           0.8147
     149.9           0.8159
     150.3           0.8170
     150.7           0.8182
     151.0           0.8193
     151.4           0.8205
     151.8           0.8216
     152.2           0.8228
     152.5           0.8236
     152.6           0.8239
     153.1           0.8251
     153.6           0.8262
     154.1           0.8274
     154.6           0.8285
     155.1           0.8297
     155.6           0.8308
     156.1           0.8320
     156.6           0.8331
     157.0           0.8343
     157.5           0.8354
     157.5           0.8354
     158.0           0.8366
     158.5           0.8377
     159.0           0.8389
     159.5           0.8400
     160.0           0.8411
     160.5           0.8423
     161.0           0.8434
     161.5           0.8446
     161.9           0.8457
     162.4           0.8469
     162.5           0.8471
     162.9           0.8480
     163.4           0.8492
     163.9           0.8503
     164.4           0.8515
     164.9           0.8526
     165.4           0.8538
     165.9           0.8549
     166.4           0.8561
     166.8           0.8572
     167.3           0.8584
     167.5           0.8588
     167.8           0.8595
     168.3           0.8607
     168.8           0.8618
     169.3           0.8630
     169.8           0.8641
     170.3           0.8653
     170.8           0.8664
     171.3           0.8676
     171.8           0.8687
     172.3           0.8699
     172.5           0.8705
     172.7           0.8710
     173.3           0.8722
     173.8           0.8733
     174.3           0.8744
     174.8           0.8756
     175.3           0.8767
     175.8           0.8779
     176.2           0.8790
     176.7           0.8802
     177.2           0.8813
     177.5           0.8821
     177.7           0.8825
     178.2           0.8836
     178.7           0.8848
     179.2           0.8859
     179.7           0.8871
     180.2           0.8882
     180.7           0.8894
     181.2           0.8905
     181.7           0.8917
     182.2           0.8928
     182.5           0.8937
     182.6           0.8940
     183.2           0.8951
     183.7           0.8963
     184.2           0.8974
     184.7           0.8986
     185.2           0.8997
     185.7           0.9009
     186.2           0.9020
     186.6           0.9032
     187.1           0.9043
     187.5           0.9052
     187.6           0.9055
     188.1           0.9066
     188.6           0.9078
     189.2           0.9089
     189.7           0.9100
     190.2           0.9112
     190.7           0.9123
     191.1           0.9135
     191.6           0.9146
     192.1           0.9158
     192.5           0.9167
     192.6           0.9169
     193.1           0.9181
     193.6           0.9192
     194.1           0.9204
     194.6           0.9215
     195.1           0.9227
     195.6           0.9238
     196.1           0.9250
     196.6           0.9261
     197.1           0.9273
     197.5           0.9282
     197.6           0.9284
     198.1           0.9296
     198.7           0.9307
     199.2           0.9319
     199.8           0.9330
     200.3           0.9342
     200.8           0.9353
     201.4           0.9365
     201.9           0.9376
     202.4           0.9388
     202.5           0.9390
     203.0           0.9399
     203.6           0.9411
     204.2           0.9422
     204.8           0.9433
     205.4           0.9445
     205.9           0.9456
     206.5           0.9468
     207.1           0.9479
     207.5           0.9488
     207.7           0.9491
     208.3           0.9502
     208.9           0.9514
     209.5           0.9525
     210.1           0.9537
     210.7           0.9548
     211.3           0.9560
     211.9           0.9571
     212.4           0.9583
     212.5           0.9584
     213.1           0.9594
     213.7           0.9606
     214.3           0.9617
     214.9           0.9629
     215.5           0.9640
     216.2           0.9652
     216.7           0.9663
     217.3           0.9675
     217.5           0.9678
     218.0           0.9686
     218.6           0.9698
     219.3           0.9709
     219.9           0.9721
     220.5           0.9732
     221.1           0.9744
     221.7           0.9755
     222.3           0.9767
     222.5           0.9770
     223.0           0.9778
     223.6           0.9789
     224.3           0.9801
     224.9           0.9812
     225.6           0.9824
     226.2           0.9835
     226.8           0.9847
     227.4           0.9858
     227.5           0.9859
     228.1           0.9870
     228.8           0.9881
     229.4           0.9893
     230.1           0.9904
     230.7           0.9916
     231.4           0.9927
     232.0           0.9939
     232.5           0.9948
     232.7           0.9950
     233.3           0.9962
     234.0           0.9973
     234.7           0.9985
     235.4           0.9996
     236.0           1.0008
     236.7           1.0019
     237.3           1.0031
     237.5           1.0034
     238.0           1.0042
     238.7           1.0054
     239.4           1.0065
     240.1           1.0077
     240.7           1.0088
     241.4           1.0100
     242.1           1.0111
     242.5           1.0119
     242.7           1.0122
     243.4           1.0134
     244.2           1.0145
     244.8           1.0157
     245.5           1.0168
     246.2           1.0180
     246.9           1.0191
     247.5           1.0202
     247.6           1.0203
     248.3           1.0214
     249.0           1.0226
     249.7           1.0237
     250.4           1.0249
     251.1           1.0260
     251.8           1.0272
     252.5           1.0283
     252.5           1.0283
     253.2           1.0295
     254.0           1.0306
     254.7           1.0318
     255.4           1.0329
     256.1           1.0341
     256.8           1.0352
     257.5           1.0364
     257.5           1.0364
     258.3           1.0375
     259.0           1.0387
     259.7           1.0398
     260.5           1.0410
     261.2           1.0421
     261.9           1.0433
     262.5           1.0442
     262.6           1.0444
     263.4           1.0456
     264.1           1.0467
     264.9           1.0478
     265.6           1.0490
     266.3           1.0501
     267.1           1.0513
     267.5           1.0520
     267.8           1.0524
     268.6           1.0536
     269.3           1.0547
     270.1           1.0559
     270.9           1.0570
     271.6           1.0582
     272.3           1.0593
     272.5           1.0596
     273.1           1.0605
     273.9           1.0616
     274.7           1.0628
     275.4           1.0639
     276.2           1.0651
     276.9           1.0662
     277.5           1.0671
     277.7           1.0674
     278.5           1.0685
     279.3           1.0697
     280.1           1.0708
     280.8           1.0720
     281.6           1.0731
     282.4           1.0743
     282.5           1.0745
     283.2           1.0754
     284.0           1.0766
     284.8           1.0777
     285.6           1.0789
     286.3           1.0800
     287.1           1.0811
     287.5           1.0817
     287.9           1.0823
     288.7           1.0834
     289.5           1.0846
     290.3           1.0857
     291.1           1.0869
     291.9           1.0880
     292.5           1.0889
     292.7           1.0892
     293.6           1.0903
     294.4           1.0915
     295.2           1.0926
     296.0           1.0938
     296.8           1.0949
     297.5           1.0959
     297.6           1.0961
     298.5           1.0972
     299.3           1.0984
     300.1           1.0995
     300.9           1.1007
     301.8           1.1018
     302.5           1.1029
     302.6           1.1030
     303.4           1.1041
     304.3           1.1053
     305.1           1.1064
     306.0           1.1076
     306.8           1.1087
     307.5           1.1097
     307.6           1.1099
     308.5           1.1110
     309.3           1.1122
     310.2           1.1133
     311.0           1.1144
     311.9           1.1156
     312.5           1.1165
     312.7           1.1167
     313.6           1.1179
     314.5           1.1190
     315.3           1.1202
     316.2           1.1213
     317.0           1.1225
     317.5           1.1231
     317.9           1.1236
     318.8           1.1248
     319.7           1.1259
     320.5           1.1271
     321.4           1.1282
     322.2           1.1294
     322.5           1.1297
     323.1           1.1305
     324.0           1.1317
     324.9           1.1328
     325.8           1.1340
     326.7           1.1351
     327.5           1.1362
     327.5           1.1363
     328.5           1.1374
     329.4           1.1386
     330.3           1.1397
     331.2           1.1409
     332.0           1.1420
     332.5           1.1426
     332.9           1.1432
     333.9           1.1443
     334.8           1.1455
     335.7           1.1466
     336.6           1.1478
     337.5           1.1489
     337.5           1.1489
     338.4           1.1500
     339.3           1.1512
     340.3           1.1523
     341.2           1.1535
     342.1           1.1546
     342.5           1.1552
     343.0           1.1558
     343.9           1.1569
     344.9           1.1581
     345.8           1.1592
     346.7           1.1604
     347.5           1.1614
     347.6           1.1615
     348.6           1.1627
     349.5           1.1638
     350.5           1.1650
     351.4           1.1661
     352.3           1.1673
     352.5           1.1675
     353.3           1.1684
     354.3           1.1696
     355.2           1.1707
     356.2           1.1719
     357.1           1.1730
     357.5           1.1735
     358.1           1.1742
     359.0           1.1753
     360.0           1.1765
     361.0           1.1776
     361.9           1.1788
     362.5           1.1795
     362.9           1.1799
     363.9           1.1811
     364.9           1.1822
     365.8           1.1833
     366.8           1.1845
     367.5           1.1854
     367.8           1.1856
     368.8           1.1868
     369.8           1.1879
     370.7           1.1891
     371.7           1.1902
     372.5           1.1912
     372.7           1.1914
     373.7           1.1925
     374.7           1.1937
     375.7           1.1948
     376.7           1.1960
     377.5           1.1969
     377.7           1.1971
     378.7           1.1983
     377.5           1.1994
     372.5           1.1994
     367.5           1.1994
     362.5           1.1994
     357.5           1.1994
     352.5           1.1994
     347.5           1.1994
     342.5           1.1994
     337.5           1.1994
     332.5           1.1994
     327.5           1.1994
     322.5           1.1994
     317.5           1.1994
     312.5           1.1994
     307.5           1.1994
     302.5           1.1994
     297.5           1.1994
     292.5           1.1994
     287.5           1.1994
     282.5           1.1994
     277.5           1.1994
     272.5           1.1994
     267.5           1.1994
     262.5           1.1994
     257.5           1.1994
     252.5           1.1994
     247.5           1.1994
     242.5           1.1994
     237.5           1.1994
     232.5           1.1994
     227.5           1.1994
     222.5           1.1994
     217.5           1.1994
     212.5           1.1994
     207.5           1.1994
     202.5           1.1994
     197.5           1.1994
     192.5           1.1994
     187.5           1.1994
     182.5           1.1994
     177.5           1.1994
     172.5           1.1994
     167.5           1.1994
     162.5           1.1994
     157.5           1.1994
     152.5           1.1994
     147.5           1.1994
     142.5           1.1994
     137.5           1.1994
     132.5           1.1994
     127.5           1.1994
     122.5           1.1994
     117.5           1.1994
     112.5           1.1994
     107.5           1.1994
     102.5           1.1994
      97.5           1.1994
