# Contour PureWino, ExpPlus2
#  mchi1pm dm(chi1pm-chi10)
      97.5           0.0017
     102.5           0.0017
     107.5           0.0017
     112.5           0.0017
     117.5           0.0017
     122.5           0.0017
     127.5           0.0017
     132.5           0.0017
     134.3           0.0017
     137.5           0.0026
     138.8           0.0029
     142.5           0.0038
     143.6           0.0040
     147.5           0.0049
     148.8           0.0052
     152.5           0.0060
     154.2           0.0063
     157.5           0.0070
     159.9           0.0075
     162.5           0.0080
     166.0           0.0086
     167.5           0.0089
     172.4           0.0098
     172.5           0.0098
     177.5           0.0106
     179.4           0.0109
     182.5           0.0114
     186.7           0.0121
     187.5           0.0122
     192.5           0.0129
     194.7           0.0132
     197.5           0.0136
     202.5           0.0143
     203.2           0.0144
     207.5           0.0149
     212.3           0.0155
     212.5           0.0155
     217.5           0.0161
     222.2           0.0167
     222.5           0.0167
     227.5           0.0173
     232.5           0.0178
     232.7           0.0178
     237.5           0.0183
     242.5           0.0188
     244.2           0.0189
     247.5           0.0193
     252.5           0.0197
     256.5           0.0201
     257.5           0.0202
     262.5           0.0206
     267.5           0.0211
     269.8           0.0212
     272.5           0.0215
     277.5           0.0219
     282.5           0.0223
     284.1           0.0224
     287.5           0.0227
     292.5           0.0231
     297.5           0.0234
     299.3           0.0235
     302.5           0.0238
     307.5           0.0241
     312.5           0.0245
     315.5           0.0247
     317.5           0.0248
     322.5           0.0252
     327.5           0.0255
     332.5           0.0258
     332.5           0.0258
     337.5           0.0262
     342.5           0.0265
     347.5           0.0268
     350.3           0.0270
     352.5           0.0271
     357.5           0.0275
     362.5           0.0278
     367.5           0.0281
     368.6           0.0281
     372.5           0.0284
     377.5           0.0287
     382.5           0.0290
     387.3           0.0293
     387.5           0.0293
     392.5           0.0296
     397.5           0.0299
     402.5           0.0302
     406.1           0.0304
     407.5           0.0305
     412.5           0.0308
     417.5           0.0311
     422.5           0.0314
     424.8           0.0316
     427.5           0.0318
     432.5           0.0321
     437.5           0.0324
     442.5           0.0327
     443.2           0.0327
     447.5           0.0330
     452.5           0.0333
     457.5           0.0336
     461.4           0.0339
     462.5           0.0340
     467.5           0.0343
     472.5           0.0346
     477.5           0.0349
     479.1           0.0350
     482.5           0.0353
     487.5           0.0356
     492.5           0.0359
     496.3           0.0362
     497.5           0.0363
     502.5           0.0366
     507.5           0.0369
     512.5           0.0373
     513.0           0.0373
     517.5           0.0376
     522.5           0.0380
     527.5           0.0384
     529.2           0.0385
     532.5           0.0387
     537.5           0.0391
     542.5           0.0394
     544.9           0.0396
     547.5           0.0398
     552.5           0.0402
     557.5           0.0406
     560.1           0.0408
     562.5           0.0410
     567.5           0.0414
     572.5           0.0417
     574.8           0.0419
     577.5           0.0421
     582.5           0.0425
     587.5           0.0429
     589.0           0.0431
     592.5           0.0434
     597.5           0.0438
     602.5           0.0442
     602.6           0.0442
     607.5           0.0446
     612.5           0.0451
     615.9           0.0454
     617.5           0.0455
     622.5           0.0460
     627.5           0.0464
     628.7           0.0465
     632.5           0.0469
     637.5           0.0473
     641.2           0.0477
     642.5           0.0478
     647.5           0.0483
     652.5           0.0487
     653.3           0.0488
     657.5           0.0492
     662.5           0.0497
     665.0           0.0500
     667.5           0.0502
     672.5           0.0507
     676.4           0.0511
     677.5           0.0512
     682.5           0.0517
     687.4           0.0522
     687.5           0.0523
     692.5           0.0528
     697.5           0.0533
     698.2           0.0534
     702.5           0.0539
     707.5           0.0544
     708.7           0.0545
     712.5           0.0550
     717.5           0.0555
     718.9           0.0557
     722.5           0.0561
     727.5           0.0567
     728.8           0.0568
     732.5           0.0573
     737.5           0.0579
     738.5           0.0580
     742.5           0.0585
     747.5           0.0591
     747.9           0.0591
     752.5           0.0597
     757.1           0.0603
     757.5           0.0603
     762.5           0.0610
     766.1           0.0614
     767.5           0.0616
     772.5           0.0623
     774.9           0.0626
     777.5           0.0629
     782.5           0.0636
     783.5           0.0637
     787.5           0.0643
     791.9           0.0649
     792.5           0.0650
     797.5           0.0657
     799.4           0.0660
     802.5           0.0666
     806.6           0.0672
     807.5           0.0673
     812.5           0.0680
     814.9           0.0683
     817.5           0.0687
     822.5           0.0694
     822.9           0.0695
     827.5           0.0702
     830.7           0.0706
     832.5           0.0709
     837.5           0.0716
     838.3           0.0718
     842.5           0.0724
     845.7           0.0729
     847.5           0.0732
     852.5           0.0740
     852.9           0.0741
     857.5           0.0748
     859.9           0.0752
     862.5           0.0757
     866.7           0.0764
     867.5           0.0765
     872.5           0.0774
     873.3           0.0775
     877.5           0.0783
     879.8           0.0787
     882.5           0.0792
     886.1           0.0798
     887.5           0.0801
     892.3           0.0810
     892.5           0.0810
     897.5           0.0820
     898.3           0.0821
     902.5           0.0829
     904.1           0.0833
     907.5           0.0839
     909.9           0.0844
     912.5           0.0849
     915.5           0.0856
     917.5           0.0860
     920.9           0.0867
     922.5           0.0870
     926.3           0.0878
     927.5           0.0881
     931.5           0.0890
     932.5           0.0892
     936.6           0.0901
     937.5           0.0904
     941.6           0.0913
     942.5           0.0915
     946.4           0.0924
     947.5           0.0927
     951.2           0.0936
     952.5           0.0939
     955.8           0.0947
     957.5           0.0952
     960.3           0.0959
     962.5           0.0965
     964.7           0.0970
     967.5           0.0978
     969.0           0.0982
     972.5           0.0991
     973.2           0.0993
     977.3           0.1005
     977.5           0.1005
     981.3           0.1016
     982.5           0.1020
     985.2           0.1028
     987.5           0.1035
     989.0           0.1039
     992.5           0.1050
     992.7           0.1051
     996.3           0.1062
     997.5           0.1066
    1000.1           0.1074
    1002.5           0.1081
    1003.9           0.1085
    1007.4           0.1097
    1007.5           0.1097
    1010.8           0.1108
    1012.5           0.1114
    1014.0           0.1120
    1017.2           0.1131
    1017.5           0.1132
    1020.3           0.1143
    1022.5           0.1151
    1023.2           0.1154
    1026.1           0.1166
    1027.5           0.1171
    1028.9           0.1177
    1031.6           0.1189
    1032.5           0.1193
    1034.2           0.1200
    1036.7           0.1211
    1037.5           0.1216
    1039.0           0.1223
    1041.4           0.1234
    1042.5           0.1240
    1043.6           0.1246
    1045.7           0.1257
    1047.5           0.1268
    1047.7           0.1269
    1049.6           0.1280
    1051.4           0.1292
    1052.5           0.1299
    1053.1           0.1303
    1054.6           0.1315
    1056.0           0.1326
    1057.3           0.1338
    1057.5           0.1340
    1058.3           0.1349
    1059.2           0.1361
    1059.7           0.1372
    1059.9           0.1384
    1059.6           0.1395
    1058.7           0.1407
    1057.5           0.1414
    1056.9           0.1418
    1054.1           0.1430
    1052.5           0.1434
    1050.3           0.1441
    1047.5           0.1448
    1045.4           0.1453
    1042.5           0.1458
    1039.7           0.1464
    1037.5           0.1468
    1033.2           0.1476
    1032.5           0.1477
    1027.5           0.1485
    1026.1           0.1487
    1022.5           0.1492
    1018.5           0.1499
    1017.5           0.1500
    1012.5           0.1507
    1010.3           0.1510
    1007.5           0.1514
    1002.5           0.1520
    1001.5           0.1522
     997.5           0.1526
     992.5           0.1532
     992.1           0.1533
     987.5           0.1539
     982.9           0.1544
     982.5           0.1545
     977.5           0.1551
     973.0           0.1556
     972.5           0.1557
     967.5           0.1562
     962.5           0.1567
     962.3           0.1567
     957.5           0.1572
     952.5           0.1577
     950.5           0.1579
     947.5           0.1582
     942.5           0.1586
     937.5           0.1590
     937.2           0.1590
     932.5           0.1594
     927.5           0.1598
     922.5           0.1601
     921.7           0.1602
     917.5           0.1605
     912.5           0.1608
     907.5           0.1611
     902.9           0.1613
     902.5           0.1614
     897.5           0.1616
     892.5           0.1619
     887.5           0.1621
     882.5           0.1623
     878.5           0.1625
     877.5           0.1625
     872.5           0.1627
     867.5           0.1629
     862.5           0.1631
     857.5           0.1632
     852.5           0.1634
     847.5           0.1635
     844.0           0.1636
     842.5           0.1637
     837.5           0.1638
     832.5           0.1639
     827.5           0.1640
     822.5           0.1642
     817.5           0.1643
     812.5           0.1644
     807.5           0.1645
     802.5           0.1646
     799.3           0.1648
     797.5           0.1649
     792.5           0.1650
     787.5           0.1651
     782.5           0.1653
     777.5           0.1654
     772.5           0.1655
     767.5           0.1657
     762.5           0.1658
     757.5           0.1659
     757.5           0.1659
     752.5           0.1661
     747.5           0.1662
     742.5           0.1663
     737.5           0.1665
     732.5           0.1666
     727.5           0.1668
     722.5           0.1669
     718.5           0.1671
     717.5           0.1671
     712.5           0.1673
     707.5           0.1674
     702.5           0.1676
     697.5           0.1678
     692.5           0.1680
     687.5           0.1681
     685.3           0.1682
     682.5           0.1683
     677.5           0.1685
     672.5           0.1687
     667.5           0.1689
     662.5           0.1691
     657.5           0.1693
     656.4           0.1694
     652.5           0.1695
     647.5           0.1697
     642.5           0.1700
     637.5           0.1702
     632.5           0.1704
     630.8           0.1705
     627.5           0.1707
     622.5           0.1709
     617.5           0.1712
     612.5           0.1714
     607.7           0.1717
     607.5           0.1717
     602.5           0.1719
     597.5           0.1722
     592.5           0.1725
     587.5           0.1728
     586.7           0.1728
     582.5           0.1730
     577.5           0.1733
     572.5           0.1736
     567.5           0.1739
     567.0           0.1740
     562.5           0.1742
     557.5           0.1745
     552.5           0.1749
     548.8           0.1751
     547.5           0.1752
     542.5           0.1755
     537.5           0.1759
     532.5           0.1762
     531.6           0.1763
     527.5           0.1765
     522.5           0.1769
     517.5           0.1773
     515.5           0.1774
     512.5           0.1776
     507.5           0.1780
     502.5           0.1784
     501.0           0.1786
     497.5           0.1789
     492.5           0.1794
     489.7           0.1797
     487.5           0.1799
     482.5           0.1805
     479.3           0.1809
     477.5           0.1810
     472.5           0.1816
     469.1           0.1820
     467.5           0.1822
     462.5           0.1827
     459.0           0.1832
     457.5           0.1833
     452.5           0.1839
     449.0           0.1843
     447.5           0.1845
     442.5           0.1851
     439.2           0.1855
     437.5           0.1856
     432.5           0.1862
     429.5           0.1866
     427.5           0.1868
     422.5           0.1874
     419.8           0.1878
     417.5           0.1880
     412.5           0.1886
     410.2           0.1889
     407.5           0.1892
     402.5           0.1898
     400.6           0.1900
     397.5           0.1904
     392.5           0.1910
     391.1           0.1912
     387.5           0.1916
     382.5           0.1922
     381.5           0.1923
     377.5           0.1928
     372.5           0.1934
     371.9           0.1935
     367.5           0.1940
     362.5           0.1946
     362.3           0.1946
     357.5           0.1952
     352.7           0.1958
     352.5           0.1958
     347.5           0.1964
     343.1           0.1969
     342.5           0.1970
     337.5           0.1976
     333.6           0.1981
     332.5           0.1982
     327.5           0.1988
     324.1           0.1992
     322.5           0.1994
     317.5           0.2000
     314.7           0.2004
     312.5           0.2006
     307.5           0.2013
     305.5           0.2015
     302.5           0.2019
     297.5           0.2025
     296.5           0.2027
     292.5           0.2032
     287.8           0.2038
     287.5           0.2039
     282.5           0.2045
     279.5           0.2050
     277.5           0.2052
     272.5           0.2060
     271.5           0.2061
     267.5           0.2067
     263.9           0.2073
     262.5           0.2075
     257.5           0.2083
     256.6           0.2084
     252.5           0.2090
     248.9           0.2096
     247.5           0.2098
     242.5           0.2105
     241.1           0.2107
     237.5           0.2112
     233.6           0.2119
     232.5           0.2120
     227.5           0.2128
     226.3           0.2130
     222.5           0.2136
     219.2           0.2142
     217.5           0.2144
     212.5           0.2153
     212.2           0.2153
     207.5           0.2161
     205.4           0.2165
     202.5           0.2169
     198.7           0.2176
     197.5           0.2178
     192.5           0.2187
     192.0           0.2188
     187.5           0.2195
     185.6           0.2199
     182.5           0.2204
     179.2           0.2211
     177.5           0.2213
     173.0           0.2222
     172.5           0.2223
     167.5           0.2232
     166.9           0.2233
     162.5           0.2242
     161.0           0.2245
     157.5           0.2252
     155.3           0.2256
     152.5           0.2262
     149.7           0.2268
     147.5           0.2272
     144.2           0.2279
     142.5           0.2283
     138.9           0.2291
     137.5           0.2294
     133.8           0.2302
     132.5           0.2305
     129.0           0.2314
     127.5           0.2317
     124.3           0.2325
     122.5           0.2329
     119.8           0.2337
     117.5           0.2342
     115.4           0.2348
     112.5           0.2356
     111.2           0.2360
     107.5           0.2370
     107.1           0.2371
     103.2           0.2383
     102.5           0.2385
      97.5           0.2389
