# Contour PureWino, ObsMinus
#  mchi1pm dm(chi1pm-chi10)
      97.5           0.0080
     102.5           0.0084
     103.0           0.0086
     106.2           0.0098
     107.5           0.0103
     109.4           0.0109
     112.5           0.0121
     112.5           0.0121
     116.1           0.0132
     117.5           0.0137
     119.8           0.0144
     122.5           0.0152
     123.6           0.0155
     127.5           0.0166
     127.5           0.0167
     131.9           0.0178
     132.5           0.0180
     136.4           0.0189
     137.5           0.0193
     141.2           0.0201
     142.5           0.0204
     146.3           0.0212
     147.5           0.0215
     151.7           0.0224
     152.5           0.0226
     157.3           0.0235
     157.5           0.0236
     162.5           0.0245
     163.5           0.0247
     167.5           0.0254
     170.0           0.0258
     172.5           0.0263
     176.9           0.0270
     177.5           0.0271
     182.5           0.0279
     184.3           0.0281
     187.5           0.0286
     192.2           0.0293
     192.5           0.0293
     197.5           0.0300
     200.9           0.0304
     202.5           0.0307
     207.5           0.0313
     210.2           0.0316
     212.5           0.0319
     217.5           0.0324
     220.2           0.0327
     222.5           0.0330
     227.5           0.0335
     231.0           0.0339
     232.5           0.0340
     237.5           0.0345
     242.5           0.0350
     242.6           0.0350
     247.5           0.0355
     252.5           0.0359
     255.3           0.0362
     257.5           0.0364
     262.5           0.0368
     267.5           0.0372
     268.9           0.0373
     272.5           0.0376
     277.5           0.0380
     282.5           0.0384
     283.4           0.0385
     287.5           0.0388
     292.5           0.0392
     297.5           0.0395
     299.0           0.0396
     302.5           0.0399
     307.5           0.0402
     312.5           0.0406
     315.5           0.0408
     317.5           0.0409
     322.5           0.0413
     327.5           0.0416
     332.5           0.0419
     332.7           0.0419
     337.5           0.0422
     342.5           0.0426
     347.5           0.0429
     350.5           0.0431
     352.5           0.0432
     357.5           0.0435
     362.5           0.0438
     367.5           0.0441
     368.7           0.0442
     372.5           0.0445
     377.5           0.0448
     382.5           0.0451
     387.1           0.0454
     387.5           0.0454
     392.5           0.0457
     397.5           0.0460
     402.5           0.0463
     405.4           0.0465
     407.5           0.0466
     412.5           0.0470
     417.5           0.0473
     422.5           0.0476
     423.6           0.0477
     427.5           0.0479
     432.5           0.0482
     437.5           0.0486
     441.5           0.0488
     442.5           0.0489
     447.5           0.0492
     452.5           0.0495
     457.5           0.0499
     459.0           0.0500
     462.5           0.0502
     467.5           0.0505
     472.5           0.0509
     475.9           0.0511
     477.5           0.0512
     482.5           0.0516
     487.5           0.0519
     492.3           0.0522
     492.5           0.0523
     497.5           0.0526
     502.5           0.0530
     507.5           0.0533
     508.3           0.0534
     512.5           0.0537
     517.5           0.0541
     522.5           0.0545
     523.7           0.0545
     527.5           0.0548
     532.5           0.0552
     537.5           0.0556
     538.7           0.0557
     542.5           0.0560
     547.5           0.0564
     552.5           0.0568
     553.1           0.0568
     557.5           0.0572
     562.5           0.0576
     567.1           0.0580
     567.5           0.0580
     572.5           0.0585
     577.5           0.0589
     580.7           0.0591
     582.5           0.0593
     587.5           0.0597
     592.5           0.0602
     593.8           0.0603
     597.5           0.0606
     602.5           0.0611
     606.5           0.0614
     607.5           0.0615
     612.5           0.0620
     617.5           0.0625
     619.0           0.0626
     622.5           0.0629
     627.5           0.0634
     631.0           0.0637
     632.5           0.0639
     637.5           0.0644
     642.5           0.0649
     642.7           0.0649
     647.5           0.0654
     652.5           0.0659
     654.1           0.0660
     657.5           0.0664
     662.5           0.0669
     665.2           0.0672
     667.5           0.0674
     672.5           0.0680
     675.9           0.0683
     677.5           0.0685
     682.5           0.0691
     686.4           0.0695
     687.5           0.0696
     692.5           0.0702
     696.6           0.0706
     697.5           0.0707
     702.5           0.0713
     706.5           0.0718
     707.5           0.0719
     712.5           0.0725
     716.2           0.0729
     717.5           0.0731
     722.5           0.0737
     725.7           0.0741
     727.5           0.0743
     732.5           0.0749
     735.0           0.0752
     737.5           0.0755
     742.5           0.0762
     744.0           0.0764
     747.5           0.0768
     752.5           0.0775
     752.8           0.0775
     757.5           0.0781
     761.4           0.0787
     762.5           0.0788
     767.5           0.0795
     769.8           0.0798
     772.5           0.0802
     777.5           0.0809
     778.1           0.0810
     782.5           0.0816
     786.1           0.0821
     787.5           0.0823
     792.5           0.0830
     794.0           0.0833
     797.5           0.0838
     800.6           0.0844
     802.5           0.0848
     807.5           0.0855
     807.9           0.0856
     812.5           0.0862
     815.8           0.0867
     817.5           0.0870
     822.5           0.0877
     823.4           0.0878
     827.5           0.0885
     830.8           0.0890
     832.5           0.0893
     837.5           0.0901
     838.0           0.0901
     842.5           0.0909
     845.0           0.0913
     847.5           0.0917
     851.8           0.0924
     852.5           0.0926
     857.5           0.0934
     858.4           0.0936
     862.5           0.0943
     864.8           0.0947
     867.5           0.0952
     871.1           0.0959
     872.5           0.0962
     877.1           0.0970
     877.5           0.0971
     882.5           0.0981
     883.0           0.0982
     887.5           0.0991
     888.7           0.0993
     892.5           0.1001
     894.3           0.1005
     897.5           0.1012
     899.7           0.1016
     902.5           0.1022
     904.9           0.1028
     907.5           0.1034
     910.0           0.1039
     912.5           0.1045
     914.9           0.1051
     917.5           0.1057
     919.7           0.1062
     922.5           0.1069
     924.3           0.1074
     927.5           0.1082
     928.8           0.1085
     932.5           0.1095
     933.1           0.1097
     937.2           0.1108
     937.5           0.1109
     941.2           0.1120
     942.5           0.1123
     945.1           0.1131
     947.5           0.1139
     948.7           0.1143
     952.2           0.1154
     952.5           0.1155
     955.6           0.1166
     957.5           0.1173
     958.7           0.1177
     961.7           0.1189
     962.5           0.1192
     964.5           0.1200
     967.2           0.1211
     967.5           0.1213
     969.6           0.1223
     971.8           0.1234
     972.5           0.1238
     973.9           0.1246
     975.6           0.1257
     977.2           0.1269
     977.5           0.1272
     978.5           0.1280
     979.5           0.1292
     980.3           0.1303
     980.7           0.1315
     980.7           0.1326
     980.4           0.1338
     979.7           0.1349
     978.6           0.1361
     977.5           0.1368
     976.9           0.1372
     974.9           0.1384
     972.5           0.1394
     972.2           0.1395
     969.1           0.1407
     967.5           0.1411
     965.3           0.1418
     962.5           0.1426
     961.0           0.1430
     957.5           0.1438
     956.0           0.1441
     952.5           0.1448
     950.3           0.1453
     947.5           0.1458
     943.8           0.1464
     942.5           0.1466
     937.5           0.1474
     936.3           0.1476
     932.5           0.1481
     927.5           0.1487
     927.3           0.1487
     922.5           0.1492
     917.5           0.1497
     915.8           0.1499
     912.5           0.1501
     907.5           0.1505
     902.5           0.1508
     899.3           0.1510
     897.5           0.1511
     892.5           0.1513
     887.5           0.1515
     882.5           0.1517
     877.5           0.1519
     872.5           0.1520
     867.5           0.1521
     866.0           0.1522
     862.5           0.1522
     857.5           0.1523
     852.5           0.1524
     847.5           0.1524
     842.5           0.1525
     837.5           0.1525
     832.5           0.1526
     827.5           0.1526
     822.5           0.1527
     817.5           0.1527
     812.5           0.1527
     807.5           0.1528
     802.5           0.1528
     797.5           0.1531
     792.5           0.1531
     787.5           0.1532
     782.5           0.1533
     782.4           0.1533
     777.5           0.1534
     772.5           0.1535
     767.5           0.1535
     762.5           0.1536
     757.5           0.1537
     752.5           0.1538
     747.5           0.1539
     742.5           0.1541
     737.5           0.1542
     732.5           0.1543
     727.5           0.1544
     727.2           0.1544
     722.5           0.1546
     717.5           0.1547
     712.5           0.1548
     707.5           0.1550
     702.5           0.1551
     697.5           0.1553
     692.5           0.1555
     689.2           0.1556
     687.5           0.1557
     682.5           0.1558
     677.5           0.1560
     672.5           0.1562
     667.5           0.1564
     662.5           0.1566
     659.1           0.1567
     657.5           0.1568
     652.5           0.1570
     647.5           0.1572
     642.5           0.1575
     637.5           0.1577
     633.6           0.1579
     632.5           0.1579
     627.5           0.1582
     622.5           0.1584
     617.5           0.1587
     612.5           0.1590
     611.2           0.1590
     607.5           0.1592
     602.5           0.1595
     597.5           0.1598
     592.5           0.1601
     591.3           0.1602
     587.5           0.1604
     582.5           0.1607
     577.5           0.1610
     573.1           0.1613
     572.5           0.1614
     567.5           0.1617
     562.5           0.1620
     557.5           0.1624
     556.4           0.1625
     552.5           0.1628
     547.5           0.1631
     542.5           0.1635
     540.9           0.1636
     537.5           0.1639
     532.5           0.1643
     527.5           0.1647
     526.4           0.1648
     522.5           0.1651
     517.5           0.1655
     513.0           0.1659
     512.5           0.1660
     507.5           0.1664
     502.5           0.1669
     500.5           0.1671
     497.5           0.1674
     492.5           0.1678
     488.8           0.1682
     487.5           0.1684
     482.5           0.1689
     477.8           0.1694
     477.5           0.1694
     472.5           0.1699
     467.5           0.1705
     467.5           0.1705
     462.5           0.1711
     457.6           0.1717
     457.5           0.1717
     452.5           0.1723
     448.1           0.1728
     447.5           0.1729
     442.5           0.1735
     438.9           0.1740
     437.5           0.1741
     432.5           0.1748
     429.7           0.1751
     427.5           0.1754
     422.5           0.1760
     420.7           0.1763
     417.5           0.1767
     412.5           0.1773
     411.8           0.1774
     407.5           0.1780
     402.9           0.1786
     402.5           0.1786
     397.5           0.1793
     394.1           0.1797
     392.5           0.1799
     387.5           0.1806
     385.2           0.1809
     382.5           0.1812
     377.5           0.1818
     376.3           0.1820
     372.5           0.1825
     367.5           0.1831
     367.2           0.1832
     362.5           0.1837
     358.0           0.1843
     357.5           0.1844
     352.5           0.1850
     348.7           0.1855
     347.5           0.1856
     342.5           0.1862
     339.2           0.1866
     337.5           0.1868
     332.5           0.1874
     329.6           0.1878
     327.5           0.1880
     322.5           0.1886
     320.0           0.1889
     317.5           0.1892
     312.5           0.1898
     310.2           0.1900
     307.5           0.1904
     302.5           0.1909
     300.5           0.1912
     297.5           0.1915
     292.5           0.1921
     290.8           0.1923
     287.5           0.1927
     282.5           0.1933
     281.2           0.1935
     277.5           0.1939
     272.5           0.1945
     271.6           0.1946
     267.5           0.1951
     262.5           0.1958
     262.2           0.1958
     257.5           0.1964
     253.0           0.1969
     252.5           0.1970
     247.5           0.1976
     243.8           0.1981
     242.5           0.1982
     237.5           0.1989
     234.9           0.1992
     232.5           0.1995
     227.5           0.2002
     226.2           0.2004
     222.5           0.2009
     218.3           0.2015
     217.5           0.2016
     212.5           0.2024
     211.0           0.2027
     207.5           0.2032
     204.1           0.2038
     202.5           0.2041
     197.5           0.2049
     197.2           0.2050
     192.5           0.2058
     190.5           0.2061
     187.5           0.2066
     183.8           0.2073
     182.5           0.2075
     177.5           0.2084
     177.2           0.2084
     172.5           0.2092
     170.8           0.2096
     167.5           0.2101
     164.5           0.2107
     162.5           0.2111
     158.3           0.2119
     157.5           0.2120
     152.5           0.2130
     152.3           0.2130
     147.5           0.2140
     146.6           0.2142
     142.5           0.2150
     141.1           0.2153
     137.5           0.2160
     135.7           0.2165
     132.5           0.2171
     130.6           0.2176
     127.5           0.2183
     125.7           0.2188
     122.5           0.2195
     121.0           0.2199
     117.5           0.2208
     116.5           0.2211
     112.5           0.2221
     112.2           0.2222
     108.1           0.2233
     107.5           0.2235
     104.2           0.2245
     102.5           0.2250
      97.5           0.2254
