# Contour PureHiggsino, ExpMinus
#  mchi1pm dm(chi1pm-chi10)
     781.5           0.0006
     782.5           0.0006
     787.5           0.0006
     792.5           0.0007
     797.5           0.0007
     802.5           0.0008
     807.5           0.0008
     812.5           0.0009
     817.5           0.0009
     822.5           0.0010
     827.5           0.0010
     832.5           0.0010
     837.5           0.0011
     842.5           0.0011
     847.5           0.0011
     852.5           0.0012
     857.5           0.0012
     862.5           0.0012
     867.5           0.0013
     872.5           0.0013
     877.5           0.0013
     882.5           0.0013
     887.5           0.0014
     892.5           0.0014
     897.5           0.0014
     902.5           0.0014
     907.5           0.0015
     912.5           0.0015
     917.5           0.0015
     922.5           0.0015
     927.5           0.0015
     932.5           0.0016
     937.5           0.0016
     942.5           0.0016
     947.5           0.0016
     952.5           0.0016
     957.5           0.0016
     962.5           0.0017
     967.5           0.0017
     972.5           0.0017
     977.5           0.0017
     982.5           0.0017
     985.1           0.0017
     984.4           0.0029
     983.7           0.0040
     983.0           0.0052
     982.5           0.0060
     982.3           0.0063
     981.6           0.0075
     980.9           0.0086
     980.2           0.0098
     979.5           0.0109
     978.8           0.0121
     978.0           0.0132
     977.5           0.0140
     977.3           0.0144
     976.5           0.0155
     975.8           0.0167
     975.1           0.0178
     974.3           0.0189
     973.5           0.0201
     972.8           0.0212
     972.5           0.0216
     972.0           0.0224
     971.2           0.0235
     970.4           0.0247
     969.7           0.0258
     968.9           0.0270
     968.1           0.0281
     967.5           0.0289
     967.2           0.0293
     966.4           0.0304
     965.6           0.0316
     964.8           0.0327
     964.0           0.0339
     963.1           0.0350
     962.5           0.0358
     962.3           0.0362
     961.4           0.0373
     960.5           0.0385
     959.7           0.0396
     958.8           0.0408
     957.9           0.0419
     957.5           0.0424
     957.0           0.0431
     956.1           0.0442
     955.2           0.0454
     954.3           0.0465
     953.3           0.0477
     952.5           0.0486
     952.4           0.0488
     951.4           0.0500
     950.5           0.0511
     949.5           0.0522
     948.5           0.0534
     947.5           0.0545
     947.5           0.0545
     946.5           0.0557
     945.5           0.0568
     944.4           0.0580
     943.4           0.0591
     942.5           0.0601
     942.3           0.0603
     941.2           0.0614
     940.2           0.0626
     939.0           0.0637
     937.9           0.0649
     937.5           0.0653
     936.8           0.0660
     935.6           0.0672
     934.5           0.0683
     933.3           0.0695
     932.5           0.0702
     932.1           0.0706
     930.8           0.0718
     929.6           0.0729
     928.3           0.0741
     927.5           0.0748
     927.0           0.0752
     925.7           0.0764
     924.4           0.0775
     923.0           0.0787
     922.5           0.0791
     921.6           0.0798
     920.2           0.0810
     918.8           0.0821
     917.5           0.0831
     917.3           0.0833
     915.8           0.0844
     914.3           0.0856
     912.7           0.0867
     912.5           0.0868
     911.1           0.0878
     909.5           0.0890
     907.8           0.0901
     907.5           0.0903
     906.1           0.0913
     904.3           0.0924
     902.5           0.0936
     902.5           0.0936
     900.7           0.0947
     898.8           0.0959
     897.5           0.0966
     896.8           0.0970
     894.8           0.0982
     892.7           0.0993
     892.5           0.0994
     890.6           0.1005
     888.4           0.1016
     887.5           0.1021
     886.1           0.1028
     883.8           0.1039
     882.5           0.1045
     881.4           0.1051
     878.9           0.1062
     877.5           0.1068
     876.3           0.1074
     873.6           0.1085
     872.5           0.1090
     870.8           0.1097
     867.9           0.1108
     867.5           0.1110
     864.8           0.1120
     862.5           0.1128
     861.7           0.1131
     858.3           0.1143
     857.5           0.1145
     854.8           0.1154
     852.5           0.1161
     851.1           0.1166
     847.5           0.1176
     847.2           0.1177
     843.1           0.1189
     842.5           0.1190
     838.7           0.1200
     837.5           0.1203
     834.1           0.1211
     832.5           0.1215
     829.1           0.1223
     827.5           0.1226
     823.8           0.1234
     822.5           0.1237
     818.1           0.1246
     817.5           0.1247
     812.5           0.1257
     812.1           0.1257
     807.5           0.1266
     805.7           0.1269
     802.5           0.1274
     800.2           0.1280
     797.5           0.1287
     794.9           0.1292
     792.5           0.1296
     788.2           0.1303
     787.5           0.1304
     782.5           0.1313
     781.3           0.1315
     777.5           0.1321
     774.3           0.1326
     772.5           0.1329
     767.5           0.1337
     767.1           0.1338
     762.5           0.1345
     759.9           0.1349
     757.5           0.1353
     752.5           0.1361
     752.5           0.1361
     747.5           0.1369
     745.2           0.1372
     742.5           0.1376
     737.9           0.1384
     737.5           0.1384
     732.5           0.1392
     730.6           0.1395
     727.5           0.1400
     723.3           0.1407
     722.5           0.1408
     717.5           0.1416
     716.1           0.1418
     712.5           0.1424
     708.9           0.1430
     707.5           0.1432
     702.5           0.1440
     701.8           0.1441
     697.5           0.1448
     694.8           0.1453
     692.5           0.1456
     687.8           0.1464
     687.5           0.1465
     682.5           0.1473
     680.9           0.1476
     677.5           0.1481
     674.1           0.1487
     672.5           0.1490
     667.5           0.1498
     667.3           0.1499
     662.5           0.1507
     660.7           0.1510
     657.5           0.1515
     654.1           0.1522
     652.5           0.1524
     647.5           0.1533
     647.5           0.1533
     642.5           0.1542
     641.1           0.1544
     637.5           0.1551
     634.8           0.1556
     632.5           0.1560
     628.4           0.1567
     627.5           0.1569
     622.5           0.1578
     622.2           0.1579
     617.5           0.1588
     616.1           0.1590
     612.5           0.1597
     610.0           0.1602
     607.5           0.1606
     603.9           0.1613
     602.5           0.1616
     598.0           0.1625
     597.5           0.1626
     592.5           0.1635
     592.0           0.1636
     587.5           0.1645
     586.2           0.1648
     582.5           0.1655
     580.4           0.1659
     577.5           0.1665
     574.6           0.1671
     572.5           0.1675
     568.9           0.1682
     567.5           0.1685
     563.2           0.1694
     562.5           0.1695
     557.5           0.1705
     557.5           0.1705
     552.5           0.1716
     552.0           0.1717
     547.5           0.1726
     546.4           0.1728
     542.5           0.1736
     541.0           0.1740
     537.5           0.1747
     535.5           0.1751
     532.5           0.1757
     530.1           0.1763
     527.5           0.1768
     524.7           0.1774
     522.5           0.1779
     519.3           0.1786
     517.5           0.1789
     514.0           0.1797
     512.5           0.1800
     508.8           0.1809
     507.5           0.1811
     503.7           0.1820
     502.5           0.1823
     498.8           0.1832
     497.5           0.1834
     493.9           0.1843
     492.5           0.1846
     489.0           0.1855
     487.5           0.1858
     484.1           0.1866
     482.5           0.1870
     479.2           0.1878
     477.5           0.1881
     474.2           0.1889
     472.5           0.1893
     469.3           0.1900
     467.5           0.1905
     464.4           0.1912
     462.5           0.1916
     459.5           0.1923
     457.5           0.1928
     454.6           0.1935
     452.5           0.1940
     449.7           0.1946
     447.5           0.1952
     444.9           0.1958
     442.5           0.1963
     440.0           0.1969
     437.5           0.1975
     435.1           0.1981
     432.5           0.1987
     430.3           0.1992
     427.5           0.1999
     425.4           0.2004
     422.5           0.2011
     420.6           0.2015
     417.5           0.2023
     415.8           0.2027
     412.5           0.2035
     411.1           0.2038
     407.5           0.2047
     406.4           0.2050
     402.5           0.2059
     401.7           0.2061
     397.5           0.2071
     397.0           0.2073
     392.5           0.2084
     392.4           0.2084
     387.9           0.2096
     387.5           0.2097
     383.4           0.2107
     382.5           0.2109
     379.0           0.2119
     377.5           0.2123
     374.7           0.2130
     372.5           0.2136
     370.4           0.2142
     367.5           0.2149
     366.2           0.2153
     362.5           0.2163
     362.1           0.2165
     358.1           0.2176
     357.5           0.2178
     354.1           0.2188
     352.5           0.2192
     350.3           0.2199
     347.5           0.2207
     346.4           0.2211
     342.7           0.2222
     342.5           0.2223
     339.1           0.2233
     337.5           0.2238
     335.5           0.2245
     332.5           0.2254
     331.9           0.2256
     328.5           0.2268
     327.5           0.2271
     325.1           0.2279
     322.5           0.2288
     321.7           0.2291
     318.4           0.2302
     317.5           0.2305
     315.1           0.2314
     312.5           0.2323
     311.9           0.2325
     308.8           0.2337
     307.5           0.2341
     305.6           0.2348
     302.5           0.2360
     302.5           0.2360
     299.5           0.2371
     297.5           0.2379
     296.5           0.2383
     293.6           0.2394
     292.5           0.2398
     290.7           0.2406
     287.8           0.2417
     287.5           0.2419
     285.1           0.2429
     282.5           0.2439
     282.3           0.2440
     279.6           0.2452
     277.5           0.2460
     276.9           0.2463
     274.2           0.2475
     272.5           0.2482
     271.6           0.2486
     269.1           0.2498
     267.5           0.2505
     266.5           0.2509
     264.1           0.2521
     262.5           0.2528
     261.6           0.2532
     259.2           0.2544
     257.5           0.2552
     256.8           0.2555
     254.5           0.2567
     252.5           0.2576
     252.2           0.2578
     250.0           0.2589
     247.7           0.2601
     247.5           0.2602
     245.5           0.2612
     243.3           0.2624
     242.5           0.2628
     241.2           0.2635
     239.1           0.2647
     237.5           0.2655
     237.0           0.2658
     234.9           0.2670
     232.8           0.2681
     232.5           0.2683
     230.8           0.2693
     228.8           0.2704
     227.5           0.2711
     226.8           0.2716
     224.8           0.2727
     222.7           0.2739
     222.5           0.2740
     220.8           0.2750
     218.8           0.2762
     217.5           0.2769
     216.7           0.2773
     214.7           0.2785
     212.6           0.2796
     212.5           0.2797
     210.7           0.2808
     208.6           0.2819
     207.5           0.2825
     206.5           0.2831
     204.5           0.2842
     202.5           0.2853
     202.3           0.2854
     200.4           0.2865
     198.5           0.2877
     197.5           0.2882
     196.6           0.2888
     194.8           0.2900
     192.9           0.2911
     192.5           0.2914
     191.1           0.2922
     189.2           0.2934
     187.5           0.2943
     187.1           0.2945
     184.9           0.2957
     182.8           0.2968
     182.5           0.2970
     181.0           0.2980
     179.3           0.2991
     177.7           0.3003
     177.5           0.3004
     176.2           0.3014
     174.7           0.3026
     173.2           0.3037
     172.5           0.3042
     171.7           0.3049
     170.2           0.3060
     168.6           0.3072
     167.5           0.3080
     167.1           0.3083
     165.6           0.3095
     164.0           0.3106
     162.5           0.3117
     162.4           0.3118
     160.8           0.3129
     159.3           0.3141
     157.6           0.3152
     157.5           0.3153
     156.1           0.3164
     154.5           0.3175
     152.9           0.3187
     152.5           0.3190
     151.6           0.3198
     150.3           0.3210
     148.9           0.3221
     147.6           0.3233
     147.5           0.3233
     146.5           0.3244
     145.4           0.3256
     144.2           0.3267
     143.1           0.3278
     142.5           0.3284
     142.0           0.3290
     140.9           0.3301
     139.8           0.3313
     138.6           0.3324
     137.5           0.3336
     137.5           0.3336
     136.4           0.3347
     135.3           0.3359
     134.2           0.3370
     133.1           0.3382
     132.5           0.3388
     132.0           0.3393
     131.0           0.3405
     129.9           0.3416
     128.8           0.3428
     127.7           0.3439
     127.5           0.3441
     126.7           0.3451
     125.7           0.3462
     124.6           0.3474
     123.6           0.3485
     122.5           0.3497
     122.5           0.3497
     121.5           0.3508
     120.6           0.3520
     119.6           0.3531
     118.6           0.3543
     117.6           0.3554
     117.5           0.3555
     116.7           0.3566
     115.8           0.3577
     114.9           0.3589
     114.1           0.3600
     113.4           0.3611
     112.7           0.3623
     112.5           0.3627
     112.1           0.3634
     111.4           0.3646
     110.7           0.3657
     109.8           0.3669
     108.5           0.3680
     107.5           0.3687
     106.9           0.3692
     105.0           0.3703
     103.0           0.3715
     102.5           0.3717
      99.8           0.3726
      97.5           0.3733
