# Contour PureHiggsino, ExpPlus
#  mchi1pm dm(chi1pm-chi10)
    1137.5           0.0658
    1137.2           0.0660
    1135.2           0.0672
    1133.3           0.0683
    1132.5           0.0688
    1131.4           0.0695
    1129.4           0.0706
    1127.5           0.0718
    1127.5           0.0718
    1125.5           0.0729
    1123.6           0.0741
    1122.5           0.0747
    1121.6           0.0752
    1119.6           0.0764
    1117.6           0.0775
    1117.5           0.0776
    1115.6           0.0787
    1113.6           0.0798
    1112.5           0.0804
    1111.6           0.0810
    1109.6           0.0821
    1107.5           0.0833
    1107.5           0.0833
    1105.5           0.0844
    1103.5           0.0856
    1102.5           0.0861
    1101.4           0.0867
    1099.3           0.0878
    1097.5           0.0888
    1097.2           0.0890
    1095.1           0.0901
    1093.0           0.0913
    1092.5           0.0915
    1090.9           0.0924
    1088.7           0.0936
    1087.5           0.0942
    1086.5           0.0947
    1084.3           0.0959
    1082.5           0.0968
    1082.1           0.0970
    1079.9           0.0982
    1077.7           0.0993
    1077.5           0.0994
    1075.4           0.1005
    1073.1           0.1016
    1072.5           0.1019
    1070.8           0.1028
    1068.5           0.1039
    1067.5           0.1044
    1066.1           0.1051
    1063.7           0.1062
    1062.5           0.1068
    1061.2           0.1074
    1058.8           0.1085
    1057.5           0.1091
    1056.2           0.1097
    1053.7           0.1108
    1052.5           0.1113
    1051.1           0.1120
    1048.4           0.1131
    1047.5           0.1135
    1045.7           0.1143
    1042.9           0.1154
    1042.5           0.1156
    1040.1           0.1166
    1037.5           0.1176
    1037.1           0.1177
    1034.1           0.1189
    1032.5           0.1194
    1031.0           0.1200
    1027.8           0.1211
    1027.5           0.1213
    1024.5           0.1223
    1022.5           0.1230
    1021.1           0.1234
    1017.6           0.1246
    1017.5           0.1246
    1013.9           0.1257
    1012.5           0.1262
    1010.1           0.1269
    1007.5           0.1276
    1006.2           0.1280
    1002.5           0.1291
    1001.9           0.1292
     997.5           0.1300
     996.4           0.1303
     992.5           0.1314
     992.4           0.1315
     988.2           0.1326
     987.5           0.1328
     983.9           0.1338
     982.5           0.1341
     979.5           0.1349
     977.5           0.1354
     974.9           0.1361
     972.5           0.1367
     970.2           0.1372
     967.5           0.1379
     965.4           0.1384
     962.5           0.1390
     960.4           0.1395
     957.5           0.1401
     955.2           0.1407
     952.5           0.1412
     949.8           0.1418
     947.5           0.1423
     944.2           0.1430
     942.5           0.1433
     938.3           0.1441
     937.5           0.1443
     932.5           0.1452
     932.0           0.1453
     927.5           0.1460
     925.0           0.1464
     922.5           0.1468
     917.5           0.1475
     917.0           0.1476
     912.5           0.1481
     907.7           0.1487
     907.5           0.1487
     902.5           0.1493
     897.5           0.1498
     896.6           0.1499
     892.5           0.1502
     887.5           0.1507
     884.0           0.1510
     882.5           0.1511
     877.5           0.1515
     872.5           0.1520
     870.3           0.1522
     867.5           0.1524
     862.5           0.1528
     857.5           0.1532
     856.1           0.1533
     852.5           0.1536
     847.5           0.1540
     842.5           0.1544
     841.9           0.1544
     837.5           0.1548
     832.5           0.1552
     828.0           0.1556
     827.5           0.1556
     822.5           0.1560
     817.5           0.1565
     814.4           0.1567
     812.5           0.1569
     807.5           0.1573
     802.5           0.1578
     801.7           0.1579
     797.5           0.1584
     792.5           0.1589
     791.5           0.1590
     787.5           0.1594
     782.5           0.1599
     780.2           0.1602
     777.5           0.1605
     772.5           0.1610
     769.3           0.1613
     767.5           0.1615
     762.5           0.1621
     758.7           0.1625
     757.5           0.1626
     752.5           0.1632
     748.6           0.1636
     747.5           0.1638
     742.5           0.1643
     738.7           0.1648
     737.5           0.1649
     732.5           0.1655
     729.2           0.1659
     727.5           0.1661
     722.5           0.1668
     720.0           0.1671
     717.5           0.1674
     712.5           0.1680
     711.0           0.1682
     707.5           0.1687
     702.5           0.1693
     702.2           0.1694
     697.5           0.1700
     693.6           0.1705
     692.5           0.1707
     687.5           0.1714
     685.3           0.1717
     682.5           0.1721
     677.5           0.1728
     677.1           0.1728
     672.5           0.1735
     669.2           0.1740
     667.5           0.1742
     662.5           0.1749
     661.4           0.1751
     657.5           0.1757
     653.7           0.1763
     652.5           0.1764
     647.5           0.1772
     646.2           0.1774
     642.5           0.1780
     638.8           0.1786
     637.5           0.1788
     632.5           0.1796
     631.6           0.1797
     627.5           0.1804
     624.5           0.1809
     622.5           0.1812
     617.5           0.1820
     617.4           0.1820
     612.5           0.1828
     610.5           0.1832
     607.5           0.1837
     603.7           0.1843
     602.5           0.1845
     597.5           0.1854
     597.0           0.1855
     592.5           0.1862
     590.4           0.1866
     587.5           0.1871
     583.9           0.1878
     582.5           0.1880
     577.5           0.1889
     577.4           0.1889
     572.5           0.1898
     571.0           0.1900
     567.5           0.1907
     564.7           0.1912
     562.5           0.1916
     558.5           0.1923
     557.5           0.1925
     552.5           0.1935
     552.4           0.1935
     547.5           0.1944
     546.3           0.1946
     542.5           0.1954
     540.3           0.1958
     537.5           0.1963
     534.4           0.1969
     532.5           0.1973
     528.5           0.1981
     527.5           0.1983
     522.7           0.1992
     522.5           0.1993
     517.5           0.2003
     516.9           0.2004
     512.5           0.2013
     511.2           0.2015
     507.5           0.2023
     505.5           0.2027
     502.5           0.2033
     499.9           0.2038
     497.5           0.2043
     494.3           0.2050
     492.5           0.2053
     488.8           0.2061
     487.5           0.2064
     483.3           0.2073
     482.5           0.2074
     477.9           0.2084
     477.5           0.2085
     472.5           0.2096
     472.4           0.2096
     467.5           0.2106
     467.1           0.2107
     462.5           0.2117
     461.8           0.2119
     457.5           0.2128
     456.6           0.2130
     452.5           0.2139
     451.3           0.2142
     447.5           0.2150
     446.2           0.2153
     442.5           0.2161
     441.1           0.2165
     437.5           0.2173
     436.0           0.2176
     432.5           0.2184
     431.0           0.2188
     427.5           0.2196
     426.1           0.2199
     422.5           0.2207
     421.2           0.2211
     417.5           0.2219
     416.4           0.2222
     412.5           0.2231
     411.6           0.2233
     407.5           0.2244
     407.0           0.2245
     402.5           0.2256
     402.5           0.2257
     398.3           0.2268
     397.5           0.2270
     394.2           0.2279
     392.5           0.2284
     390.1           0.2291
     387.5           0.2298
     386.1           0.2302
     382.5           0.2313
     382.2           0.2314
     378.3           0.2325
     377.5           0.2328
     374.5           0.2337
     372.5           0.2343
     370.7           0.2348
     367.5           0.2358
     366.9           0.2360
     363.3           0.2371
     362.5           0.2374
     359.7           0.2383
     357.5           0.2390
     356.1           0.2394
     352.6           0.2406
     352.5           0.2406
     349.2           0.2417
     347.5           0.2423
     345.8           0.2429
     342.5           0.2440
     342.4           0.2440
     339.1           0.2452
     337.5           0.2457
     335.9           0.2463
     332.7           0.2475
     332.5           0.2475
     329.6           0.2486
     327.5           0.2494
     326.4           0.2498
     323.4           0.2509
     322.5           0.2512
     320.4           0.2521
     317.5           0.2532
     317.4           0.2532
     314.5           0.2544
     312.5           0.2551
     311.6           0.2555
     308.8           0.2567
     307.5           0.2572
     306.0           0.2578
     303.3           0.2589
     302.5           0.2593
     300.6           0.2601
     297.9           0.2612
     297.5           0.2614
     295.3           0.2624
     292.6           0.2635
     292.5           0.2636
     290.1           0.2647
     287.5           0.2658
     287.5           0.2658
     285.0           0.2670
     282.5           0.2681
     282.5           0.2681
     280.1           0.2693
     277.6           0.2704
     277.5           0.2705
     275.3           0.2716
     272.8           0.2727
     272.5           0.2729
     270.5           0.2739
     268.1           0.2750
     267.5           0.2753
     265.8           0.2762
     263.4           0.2773
     262.5           0.2778
     261.1           0.2785
     258.8           0.2796
     257.5           0.2802
     256.5           0.2808
     254.2           0.2819
     252.5           0.2827
     251.9           0.2831
     249.6           0.2842
     247.5           0.2852
     247.3           0.2854
     245.0           0.2865
     242.6           0.2877
     242.5           0.2877
     240.4           0.2888
     238.0           0.2900
     237.5           0.2902
     235.7           0.2911
     233.4           0.2922
     232.5           0.2927
     231.1           0.2934
     228.8           0.2945
     227.5           0.2952
     226.5           0.2957
     224.3           0.2968
     222.5           0.2979
     222.4           0.2980
     220.7           0.2991
     219.4           0.3003
     218.1           0.3014
     217.5           0.3019
     216.6           0.3026
     214.7           0.3037
     212.6           0.3049
     212.5           0.3050
     210.7           0.3060
     208.8           0.3072
     207.5           0.3079
     206.9           0.3083
     205.2           0.3095
     203.4           0.3106
     202.5           0.3112
     201.8           0.3118
     200.3           0.3129
     198.7           0.3141
     197.5           0.3150
     197.2           0.3152
     195.8           0.3164
     194.5           0.3175
     193.0           0.3187
     192.5           0.3191
     191.7           0.3198
     190.3           0.3210
     189.0           0.3221
     187.6           0.3233
     187.5           0.3233
     186.2           0.3244
     184.9           0.3256
     183.6           0.3267
     182.5           0.3276
     182.2           0.3278
     180.9           0.3290
     179.5           0.3301
     178.2           0.3313
     177.5           0.3319
     176.9           0.3324
     175.6           0.3336
     174.2           0.3347
     172.9           0.3359
     172.5           0.3362
     171.6           0.3370
     170.3           0.3382
     169.0           0.3393
     167.6           0.3405
     167.5           0.3406
     166.3           0.3416
     165.1           0.3428
     163.8           0.3439
     162.5           0.3450
     162.5           0.3451
     161.2           0.3462
     160.0           0.3474
     158.7           0.3485
     157.5           0.3496
     157.4           0.3497
     156.2           0.3508
     155.0           0.3520
     153.8           0.3531
     152.6           0.3543
     152.5           0.3543
     151.6           0.3554
     150.6           0.3566
     149.6           0.3577
     148.6           0.3589
     147.6           0.3600
     147.5           0.3601
     146.7           0.3611
     145.9           0.3623
     145.1           0.3634
     144.2           0.3646
     143.2           0.3657
     142.5           0.3666
     142.2           0.3669
     141.2           0.3680
     140.1           0.3692
     138.9           0.3703
     137.6           0.3715
     137.5           0.3715
     136.2           0.3726
     134.8           0.3738
     133.3           0.3749
     132.5           0.3755
     131.8           0.3761
     130.2           0.3772
     128.3           0.3784
     127.5           0.3788
     126.3           0.3795
     124.2           0.3807
     122.5           0.3815
     122.0           0.3818
     120.0           0.3830
     118.1           0.3841
     117.5           0.3845
     116.4           0.3853
     114.9           0.3864
     113.5           0.3876
     112.5           0.3884
     112.2           0.3887
     111.1           0.3899
     110.1           0.3910
     109.2           0.3922
     108.3           0.3933
     107.5           0.3944
     107.5           0.3944
     106.7           0.3956
     106.0           0.3967
     105.3           0.3979
     104.6           0.3990
     103.9           0.4002
     103.1           0.4013
     102.5           0.4023
     102.3           0.4025
     101.1           0.4036
      99.9           0.4048
      98.7           0.4059
      97.5           0.4070
