# Contour PureWino, ExpMinus
#  mchi1pm dm(chi1pm-chi10)
      97.5           0.0255
     102.4           0.0258
     102.5           0.0258
     105.8           0.0270
     107.5           0.0277
     109.0           0.0281
     112.3           0.0293
     112.5           0.0294
     116.0           0.0304
     117.5           0.0310
     119.7           0.0316
     122.5           0.0325
     123.6           0.0327
     127.5           0.0338
     127.7           0.0339
     132.1           0.0350
     132.5           0.0351
     136.8           0.0362
     137.5           0.0364
     141.8           0.0373
     142.5           0.0375
     147.1           0.0385
     147.5           0.0386
     152.5           0.0396
     152.7           0.0396
     157.5           0.0406
     158.7           0.0408
     162.5           0.0415
     165.2           0.0419
     167.5           0.0423
     171.9           0.0431
     172.5           0.0432
     177.5           0.0440
     179.3           0.0442
     182.5           0.0447
     187.1           0.0454
     187.5           0.0454
     192.5           0.0461
     195.6           0.0465
     197.5           0.0468
     202.5           0.0474
     204.7           0.0477
     207.5           0.0480
     212.5           0.0486
     214.6           0.0488
     217.5           0.0492
     222.5           0.0497
     225.1           0.0500
     227.5           0.0502
     232.5           0.0507
     236.5           0.0511
     237.5           0.0512
     242.5           0.0517
     247.5           0.0522
     248.7           0.0522
     252.5           0.0526
     257.5           0.0530
     261.7           0.0534
     262.5           0.0535
     267.5           0.0539
     272.5           0.0543
     275.7           0.0545
     277.5           0.0547
     282.5           0.0551
     287.5           0.0555
     290.4           0.0557
     292.5           0.0559
     297.5           0.0562
     302.5           0.0566
     305.8           0.0568
     307.5           0.0570
     312.5           0.0573
     317.5           0.0577
     321.7           0.0580
     322.5           0.0581
     327.5           0.0584
     332.5           0.0588
     337.5           0.0591
     338.0           0.0591
     342.5           0.0595
     347.5           0.0598
     352.5           0.0601
     354.7           0.0603
     357.5           0.0605
     362.5           0.0608
     367.5           0.0612
     371.3           0.0614
     372.5           0.0615
     377.5           0.0619
     382.5           0.0622
     387.5           0.0626
     387.8           0.0626
     392.5           0.0629
     397.5           0.0633
     402.5           0.0636
     404.2           0.0637
     407.5           0.0640
     412.5           0.0643
     417.5           0.0647
     420.2           0.0649
     422.5           0.0651
     427.5           0.0654
     432.5           0.0658
     435.8           0.0660
     437.5           0.0662
     442.5           0.0665
     447.5           0.0669
     451.1           0.0672
     452.5           0.0673
     457.5           0.0677
     462.5           0.0681
     465.9           0.0683
     467.5           0.0685
     472.5           0.0689
     477.5           0.0693
     480.3           0.0695
     482.5           0.0697
     487.5           0.0701
     492.5           0.0705
     494.3           0.0706
     497.5           0.0709
     502.5           0.0713
     507.5           0.0717
     507.8           0.0718
     512.5           0.0722
     517.5           0.0726
     521.0           0.0729
     522.5           0.0731
     527.5           0.0735
     532.5           0.0740
     533.8           0.0741
     537.5           0.0744
     542.5           0.0749
     546.2           0.0752
     547.5           0.0753
     552.5           0.0758
     557.5           0.0763
     558.3           0.0764
     562.5           0.0768
     567.5           0.0773
     570.1           0.0775
     572.5           0.0778
     577.5           0.0783
     581.5           0.0787
     582.5           0.0788
     587.5           0.0793
     592.5           0.0798
     592.6           0.0798
     597.5           0.0803
     602.5           0.0809
     603.3           0.0810
     607.5           0.0814
     612.5           0.0820
     613.9           0.0821
     617.5           0.0825
     622.5           0.0831
     624.1           0.0833
     627.5           0.0836
     632.5           0.0842
     634.2           0.0844
     637.5           0.0848
     642.5           0.0854
     643.9           0.0856
     647.5           0.0860
     652.5           0.0866
     653.4           0.0867
     657.5           0.0872
     662.5           0.0878
     662.7           0.0878
     667.5           0.0885
     671.8           0.0890
     672.5           0.0891
     677.5           0.0897
     680.7           0.0901
     682.5           0.0904
     687.5           0.0910
     689.4           0.0913
     692.5           0.0917
     697.5           0.0924
     697.9           0.0924
     702.5           0.0931
     706.2           0.0936
     707.5           0.0938
     712.5           0.0945
     714.4           0.0947
     717.5           0.0952
     722.3           0.0959
     722.5           0.0959
     727.5           0.0967
     730.1           0.0970
     732.5           0.0974
     737.5           0.0981
     737.7           0.0982
     742.5           0.0989
     745.2           0.0993
     747.5           0.0997
     752.5           0.1005
     752.5           0.1005
     757.5           0.1013
     759.6           0.1016
     762.5           0.1021
     766.6           0.1028
     767.5           0.1029
     772.5           0.1038
     773.5           0.1039
     777.5           0.1046
     780.1           0.1051
     782.5           0.1055
     786.6           0.1062
     787.5           0.1064
     792.5           0.1073
     793.0           0.1074
     797.5           0.1082
     798.6           0.1085
     802.3           0.1097
     802.5           0.1097
     807.5           0.1106
     808.7           0.1108
     812.5           0.1115
     815.0           0.1120
     817.5           0.1125
     821.0           0.1131
     822.5           0.1134
     826.8           0.1143
     827.5           0.1144
     832.3           0.1154
     832.5           0.1155
     837.5           0.1165
     837.6           0.1166
     842.5           0.1177
     842.6           0.1177
     847.4           0.1189
     847.5           0.1189
     851.9           0.1200
     852.5           0.1202
     856.2           0.1211
     857.5           0.1215
     860.2           0.1223
     862.5           0.1230
     863.9           0.1234
     867.3           0.1246
     867.5           0.1247
     870.3           0.1257
     872.5           0.1267
     873.1           0.1269
     875.4           0.1280
     877.4           0.1292
     877.5           0.1293
     878.9           0.1303
     879.8           0.1315
     880.1           0.1326
     879.5           0.1338
     877.6           0.1349
     877.5           0.1350
     872.6           0.1361
     872.5           0.1361
     867.5           0.1366
     862.5           0.1370
     859.3           0.1372
     857.5           0.1373
     852.5           0.1375
     847.5           0.1377
     842.5           0.1378
     837.5           0.1380
     832.5           0.1381
     827.5           0.1383
     823.1           0.1384
     822.5           0.1384
     817.5           0.1385
     812.5           0.1386
     807.5           0.1387
     802.5           0.1388
     797.5           0.1395
     795.9           0.1395
     792.5           0.1396
     787.5           0.1398
     782.5           0.1400
     777.5           0.1402
     772.5           0.1404
     767.5           0.1406
     765.6           0.1407
     762.5           0.1408
     757.5           0.1410
     752.5           0.1412
     747.5           0.1414
     742.5           0.1416
     738.8           0.1418
     737.5           0.1419
     732.5           0.1421
     727.5           0.1423
     722.5           0.1426
     717.5           0.1428
     715.0           0.1430
     712.5           0.1431
     707.5           0.1433
     702.5           0.1436
     697.5           0.1439
     693.3           0.1441
     692.5           0.1442
     687.5           0.1444
     682.5           0.1447
     677.5           0.1450
     673.5           0.1453
     672.5           0.1453
     667.5           0.1456
     662.5           0.1459
     657.5           0.1463
     655.2           0.1464
     652.5           0.1466
     647.5           0.1469
     642.5           0.1472
     638.1           0.1476
     637.5           0.1476
     632.5           0.1479
     627.5           0.1483
     622.5           0.1487
     622.0           0.1487
     617.5           0.1490
     612.5           0.1494
     607.5           0.1498
     606.8           0.1499
     602.5           0.1502
     597.5           0.1506
     592.5           0.1510
     592.5           0.1510
     587.5           0.1514
     582.5           0.1518
     578.8           0.1522
     577.5           0.1523
     572.5           0.1527
     567.5           0.1531
     565.8           0.1533
     562.5           0.1536
     557.5           0.1540
     553.3           0.1544
     552.5           0.1545
     547.5           0.1550
     542.5           0.1555
     541.4           0.1556
     537.5           0.1560
     532.5           0.1565
     530.0           0.1567
     527.5           0.1570
     522.5           0.1575
     519.1           0.1579
     517.5           0.1581
     512.5           0.1586
     508.6           0.1590
     507.5           0.1592
     502.5           0.1597
     498.5           0.1602
     497.5           0.1603
     492.5           0.1609
     488.8           0.1613
     487.5           0.1615
     482.5           0.1621
     479.6           0.1625
     477.5           0.1627
     472.5           0.1634
     470.6           0.1636
     467.5           0.1640
     462.5           0.1647
     461.9           0.1648
     457.5           0.1654
     453.5           0.1659
     452.5           0.1661
     447.5           0.1668
     445.4           0.1671
     442.5           0.1675
     437.5           0.1682
     437.3           0.1682
     432.5           0.1689
     429.5           0.1694
     427.5           0.1697
     422.5           0.1704
     421.7           0.1705
     417.5           0.1711
     414.0           0.1717
     412.5           0.1719
     407.5           0.1726
     406.4           0.1728
     402.5           0.1734
     398.9           0.1740
     397.5           0.1742
     392.5           0.1750
     391.6           0.1751
     387.5           0.1757
     384.2           0.1763
     382.5           0.1765
     377.5           0.1773
     376.8           0.1774
     372.5           0.1781
     369.3           0.1786
     367.5           0.1788
     362.5           0.1796
     361.6           0.1797
     357.5           0.1803
     353.9           0.1809
     352.5           0.1810
     347.5           0.1818
     345.9           0.1820
     342.5           0.1825
     337.9           0.1832
     337.5           0.1832
     332.5           0.1839
     329.7           0.1843
     327.5           0.1846
     322.5           0.1853
     321.4           0.1855
     317.5           0.1860
     313.0           0.1866
     312.5           0.1867
     307.5           0.1873
     304.6           0.1878
     302.5           0.1880
     297.5           0.1887
     296.1           0.1889
     292.5           0.1894
     287.5           0.1900
     287.5           0.1901
     282.5           0.1907
     279.1           0.1912
     277.5           0.1914
     272.5           0.1921
     270.7           0.1923
     267.5           0.1928
     262.5           0.1935
     262.2           0.1935
     257.5           0.1941
     253.9           0.1946
     252.5           0.1948
     247.5           0.1955
     245.6           0.1958
     242.5           0.1962
     237.5           0.1969
     237.3           0.1969
     232.5           0.1976
     229.2           0.1981
     227.5           0.1983
     222.5           0.1990
     221.2           0.1992
     217.5           0.1998
     213.6           0.2004
     212.5           0.2005
     207.5           0.2014
     206.7           0.2015
     202.5           0.2022
     200.1           0.2027
     197.5           0.2031
     193.6           0.2038
     192.5           0.2040
     187.5           0.2049
     187.1           0.2050
     182.5           0.2058
     180.8           0.2061
     177.5           0.2067
     174.5           0.2073
     172.5           0.2076
     168.2           0.2084
     167.5           0.2085
     162.5           0.2095
     162.1           0.2096
     157.5           0.2104
     156.2           0.2107
     152.5           0.2114
     150.4           0.2119
     147.5           0.2124
     144.8           0.2130
     142.5           0.2134
     139.3           0.2142
     137.5           0.2145
     134.1           0.2153
     132.5           0.2156
     129.1           0.2165
     127.5           0.2168
     124.3           0.2176
     122.5           0.2180
     119.7           0.2188
     117.5           0.2193
     115.4           0.2199
     112.5           0.2206
     111.1           0.2211
     107.5           0.2220
     107.0           0.2222
     103.2           0.2233
     102.5           0.2235
      97.5           0.2240
