# Contour PureHiggsino, ObsPlus
#  mchi1pm dm(chi1pm-chi10)
    1137.5           0.0538
    1136.5           0.0545
    1134.8           0.0557
    1133.2           0.0568
    1132.5           0.0573
    1131.5           0.0580
    1129.8           0.0591
    1128.2           0.0603
    1127.5           0.0607
    1126.5           0.0614
    1124.8           0.0626
    1123.1           0.0637
    1122.5           0.0641
    1121.4           0.0649
    1119.7           0.0660
    1117.9           0.0672
    1117.5           0.0675
    1116.2           0.0683
    1114.5           0.0695
    1112.7           0.0706
    1112.5           0.0708
    1111.0           0.0718
    1109.2           0.0729
    1107.5           0.0740
    1107.4           0.0741
    1105.6           0.0752
    1103.8           0.0764
    1102.5           0.0772
    1102.0           0.0775
    1100.2           0.0787
    1098.3           0.0798
    1097.5           0.0803
    1096.5           0.0810
    1094.6           0.0821
    1092.8           0.0833
    1092.5           0.0834
    1090.9           0.0844
    1089.0           0.0856
    1087.5           0.0864
    1087.1           0.0867
    1085.1           0.0878
    1083.2           0.0890
    1082.5           0.0894
    1081.2           0.0901
    1079.2           0.0913
    1077.5           0.0923
    1077.2           0.0924
    1075.2           0.0936
    1073.2           0.0947
    1072.5           0.0951
    1071.1           0.0959
    1069.0           0.0970
    1067.5           0.0978
    1066.9           0.0982
    1064.8           0.0993
    1062.6           0.1005
    1062.5           0.1005
    1060.4           0.1016
    1058.1           0.1028
    1057.5           0.1031
    1055.9           0.1039
    1053.6           0.1051
    1052.5           0.1056
    1051.2           0.1062
    1048.8           0.1074
    1047.5           0.1080
    1046.4           0.1085
    1043.9           0.1097
    1042.5           0.1103
    1041.3           0.1108
    1038.7           0.1120
    1037.5           0.1125
    1036.1           0.1131
    1033.3           0.1143
    1032.5           0.1146
    1030.5           0.1154
    1027.6           0.1166
    1027.5           0.1166
    1024.6           0.1177
    1022.5           0.1185
    1021.5           0.1189
    1018.3           0.1200
    1017.5           0.1203
    1015.0           0.1211
    1012.5           0.1220
    1011.5           0.1223
    1007.9           0.1234
    1007.5           0.1236
    1004.2           0.1246
    1002.5           0.1251
     999.9           0.1257
     997.5           0.1263
     995.6           0.1269
     992.5           0.1278
     991.8           0.1280
     987.9           0.1292
     987.5           0.1293
     983.8           0.1303
     982.5           0.1307
     979.6           0.1315
     977.5           0.1320
     975.2           0.1326
     972.5           0.1333
     970.7           0.1338
     967.5           0.1346
     966.1           0.1349
     962.5           0.1358
     961.3           0.1361
     957.5           0.1370
     956.4           0.1372
     952.5           0.1381
     951.3           0.1384
     947.5           0.1392
     946.1           0.1395
     942.5           0.1403
     940.7           0.1407
     937.5           0.1413
     935.1           0.1418
     932.5           0.1423
     929.2           0.1430
     927.5           0.1433
     922.7           0.1441
     922.5           0.1441
     917.5           0.1449
     915.2           0.1453
     912.5           0.1456
     907.5           0.1462
     905.8           0.1464
     902.5           0.1467
     897.5           0.1472
     893.6           0.1476
     892.5           0.1476
     887.5           0.1480
     882.5           0.1484
     878.8           0.1487
     877.5           0.1488
     872.5           0.1492
     867.5           0.1495
     862.9           0.1499
     862.5           0.1499
     857.5           0.1502
     852.5           0.1506
     847.5           0.1510
     846.9           0.1510
     842.5           0.1513
     837.5           0.1517
     832.5           0.1521
     831.4           0.1522
     827.5           0.1524
     822.5           0.1528
     817.5           0.1532
     816.4           0.1533
     812.5           0.1536
     807.5           0.1540
     802.5           0.1544
     802.2           0.1544
     797.5           0.1550
     792.5           0.1555
     791.5           0.1556
     787.5           0.1560
     782.5           0.1564
     779.3           0.1567
     777.5           0.1569
     772.5           0.1574
     767.6           0.1579
     767.5           0.1579
     762.5           0.1584
     757.5           0.1589
     756.3           0.1590
     752.5           0.1594
     747.5           0.1600
     745.6           0.1602
     742.5           0.1605
     737.5           0.1611
     735.1           0.1613
     732.5           0.1616
     727.5           0.1622
     725.1           0.1625
     722.5           0.1628
     717.5           0.1634
     715.3           0.1636
     712.5           0.1640
     707.5           0.1646
     705.8           0.1648
     702.5           0.1652
     697.5           0.1658
     696.6           0.1659
     692.5           0.1664
     687.6           0.1671
     687.5           0.1671
     682.5           0.1677
     678.9           0.1682
     677.5           0.1684
     672.5           0.1691
     670.3           0.1694
     667.5           0.1698
     662.5           0.1704
     662.0           0.1705
     657.5           0.1711
     653.8           0.1717
     652.5           0.1719
     647.5           0.1726
     645.8           0.1728
     642.5           0.1733
     637.9           0.1740
     637.5           0.1740
     632.5           0.1748
     630.2           0.1751
     627.5           0.1755
     622.6           0.1763
     622.5           0.1763
     617.5           0.1770
     615.1           0.1774
     612.5           0.1778
     607.7           0.1786
     607.5           0.1786
     602.5           0.1794
     600.5           0.1797
     597.5           0.1802
     593.3           0.1809
     592.5           0.1810
     587.5           0.1818
     586.1           0.1820
     582.5           0.1826
     579.1           0.1832
     577.5           0.1834
     572.5           0.1842
     572.1           0.1843
     567.5           0.1851
     565.2           0.1855
     562.5           0.1859
     558.3           0.1866
     557.5           0.1867
     552.5           0.1876
     551.4           0.1878
     547.5           0.1884
     544.7           0.1889
     542.5           0.1893
     537.9           0.1900
     537.5           0.1901
     532.5           0.1910
     531.2           0.1912
     527.5           0.1918
     524.5           0.1923
     522.5           0.1927
     517.8           0.1935
     517.5           0.1935
     512.5           0.1944
     511.1           0.1946
     507.5           0.1953
     504.5           0.1958
     502.5           0.1961
     497.9           0.1969
     497.5           0.1970
     492.5           0.1979
     491.4           0.1981
     487.5           0.1988
     484.9           0.1992
     482.5           0.1996
     478.4           0.2004
     477.5           0.2005
     472.5           0.2014
     472.0           0.2015
     467.5           0.2023
     465.7           0.2027
     462.5           0.2032
     459.4           0.2038
     457.5           0.2042
     453.1           0.2050
     452.5           0.2051
     447.5           0.2060
     447.0           0.2061
     442.5           0.2070
     440.9           0.2073
     437.5           0.2079
     434.8           0.2084
     432.5           0.2089
     428.9           0.2096
     427.5           0.2098
     423.0           0.2107
     422.5           0.2108
     417.5           0.2118
     417.2           0.2119
     412.5           0.2128
     411.5           0.2130
     407.5           0.2138
     405.9           0.2142
     402.5           0.2149
     400.5           0.2153
     397.5           0.2159
     395.1           0.2165
     392.5           0.2170
     389.9           0.2176
     387.5           0.2181
     384.8           0.2188
     382.5           0.2193
     380.0           0.2199
     377.5           0.2205
     375.3           0.2211
     372.5           0.2217
     370.7           0.2222
     367.5           0.2230
     366.3           0.2233
     362.5           0.2243
     362.0           0.2245
     357.7           0.2256
     357.5           0.2257
     353.7           0.2268
     352.5           0.2271
     349.6           0.2279
     347.5           0.2285
     345.7           0.2291
     342.5           0.2300
     341.8           0.2302
     338.0           0.2314
     337.5           0.2315
     334.3           0.2325
     332.5           0.2331
     330.6           0.2337
     327.5           0.2346
     327.0           0.2348
     323.4           0.2360
     322.5           0.2363
     319.9           0.2371
     317.5           0.2379
     316.5           0.2383
     313.1           0.2394
     312.5           0.2396
     309.8           0.2406
     307.5           0.2414
     306.5           0.2417
     303.3           0.2429
     302.5           0.2432
     300.2           0.2440
     297.5           0.2450
     297.1           0.2452
     294.0           0.2463
     292.5           0.2469
     291.1           0.2475
     288.1           0.2486
     287.5           0.2488
     285.2           0.2498
     282.5           0.2508
     282.3           0.2509
     279.6           0.2521
     277.5           0.2529
     276.8           0.2532
     274.1           0.2544
     272.5           0.2550
     271.5           0.2555
     268.9           0.2567
     267.5           0.2572
     266.3           0.2578
     263.8           0.2589
     262.5           0.2595
     261.3           0.2601
     258.9           0.2612
     257.5           0.2619
     256.5           0.2624
     254.1           0.2635
     252.5           0.2643
     251.8           0.2647
     249.5           0.2658
     247.5           0.2668
     247.2           0.2670
     245.0           0.2681
     242.7           0.2693
     242.5           0.2694
     240.6           0.2704
     238.4           0.2716
     237.5           0.2720
     236.2           0.2727
     234.1           0.2739
     232.5           0.2747
     231.9           0.2750
     229.8           0.2762
     227.7           0.2773
     227.5           0.2774
     225.6           0.2785
     223.4           0.2796
     222.5           0.2801
     221.3           0.2808
     219.2           0.2819
     217.5           0.2828
     217.0           0.2831
     214.9           0.2842
     212.7           0.2854
     212.5           0.2855
     210.6           0.2865
     208.3           0.2877
     207.5           0.2881
     206.1           0.2888
     203.8           0.2900
     202.5           0.2906
     201.6           0.2911
     199.4           0.2922
     197.5           0.2931
     197.0           0.2934
     194.8           0.2945
     192.5           0.2957
     192.5           0.2957
     190.5           0.2968
     188.9           0.2980
     187.5           0.2991
     187.5           0.2992
     186.5           0.3003
     185.5           0.3014
     184.4           0.3026
     183.3           0.3037
     182.5           0.3045
     182.2           0.3049
     181.0           0.3060
     179.8           0.3072
     178.5           0.3083
     177.5           0.3091
     177.1           0.3095
     175.8           0.3106
     174.5           0.3118
     173.1           0.3129
     172.5           0.3134
     171.8           0.3141
     170.5           0.3152
     169.2           0.3164
     167.8           0.3175
     167.5           0.3178
     166.6           0.3187
     165.3           0.3198
     164.0           0.3210
     162.7           0.3221
     162.5           0.3223
     161.4           0.3233
     160.2           0.3244
     158.9           0.3256
     157.7           0.3267
     157.5           0.3268
     156.4           0.3278
     155.2           0.3290
     154.0           0.3301
     152.8           0.3313
     152.5           0.3315
     151.7           0.3324
     150.7           0.3336
     149.7           0.3347
     148.7           0.3359
     147.6           0.3370
     147.5           0.3372
     146.8           0.3382
     145.9           0.3393
     145.1           0.3405
     144.2           0.3416
     143.3           0.3428
     142.5           0.3438
     142.4           0.3439
     141.6           0.3451
     140.7           0.3462
     139.9           0.3474
     139.0           0.3485
     138.1           0.3497
     137.5           0.3504
     137.2           0.3508
     136.4           0.3520
     135.5           0.3531
     134.7           0.3543
     133.7           0.3554
     132.8           0.3566
     132.5           0.3569
     131.8           0.3577
     130.9           0.3589
     129.8           0.3600
     128.7           0.3611
     127.6           0.3623
     127.5           0.3624
     126.4           0.3634
     125.3           0.3646
     124.0           0.3657
     122.7           0.3669
     122.5           0.3671
     121.5           0.3680
     120.1           0.3692
     118.7           0.3703
     117.5           0.3713
     117.2           0.3715
     115.8           0.3726
     114.4           0.3738
     112.9           0.3749
     112.5           0.3752
     111.5           0.3761
     110.0           0.3772
     108.5           0.3784
     107.5           0.3791
     107.0           0.3795
     105.5           0.3807
     104.1           0.3818
     102.7           0.3830
     102.5           0.3831
     100.7           0.3841
      98.7           0.3853
      97.5           0.3860
