# Contour PureHiggsino, ExpMinus2
#  mchi1pm dm(chi1pm-chi10)
     684.2           0.0006
     687.5           0.0006
     692.5           0.0007
     697.5           0.0007
     702.5           0.0008
     707.5           0.0008
     712.5           0.0009
     717.5           0.0009
     722.5           0.0009
     727.5           0.0010
     732.5           0.0010
     737.5           0.0011
     742.5           0.0011
     747.5           0.0011
     752.5           0.0012
     757.5           0.0012
     762.5           0.0012
     767.5           0.0013
     772.5           0.0013
     777.5           0.0013
     782.5           0.0013
     787.5           0.0014
     792.5           0.0014
     797.5           0.0014
     802.5           0.0014
     807.5           0.0015
     812.5           0.0015
     817.5           0.0015
     822.5           0.0015
     827.5           0.0015
     832.5           0.0016
     837.5           0.0016
     842.5           0.0016
     847.5           0.0016
     852.5           0.0016
     857.5           0.0016
     862.5           0.0017
     867.5           0.0017
     872.5           0.0017
     877.5           0.0017
     882.5           0.0017
     887.4           0.0017
     886.9           0.0029
     886.4           0.0040
     886.0           0.0052
     885.5           0.0063
     885.0           0.0075
     884.5           0.0086
     884.0           0.0098
     883.5           0.0109
     883.0           0.0121
     882.5           0.0131
     882.4           0.0132
     881.9           0.0144
     881.4           0.0155
     880.8           0.0167
     880.3           0.0178
     879.7           0.0189
     879.2           0.0201
     878.6           0.0212
     878.0           0.0224
     877.5           0.0233
     877.4           0.0235
     876.8           0.0247
     876.2           0.0258
     875.6           0.0270
     875.0           0.0281
     874.3           0.0293
     873.7           0.0304
     873.0           0.0316
     872.5           0.0324
     872.3           0.0327
     871.7           0.0339
     871.0           0.0350
     870.3           0.0362
     869.6           0.0373
     868.8           0.0385
     868.1           0.0396
     867.5           0.0405
     867.3           0.0408
     866.6           0.0419
     865.8           0.0431
     865.0           0.0442
     864.2           0.0454
     863.4           0.0465
     862.6           0.0477
     862.5           0.0477
     861.7           0.0488
     860.9           0.0500
     860.0           0.0511
     859.1           0.0522
     858.2           0.0534
     857.5           0.0542
     857.2           0.0545
     856.3           0.0557
     855.3           0.0568
     854.3           0.0580
     853.3           0.0591
     852.5           0.0600
     852.2           0.0603
     851.2           0.0614
     850.1           0.0626
     849.0           0.0637
     847.8           0.0649
     847.5           0.0652
     846.7           0.0660
     845.5           0.0672
     844.3           0.0683
     843.0           0.0695
     842.5           0.0700
     841.8           0.0706
     840.5           0.0718
     839.1           0.0729
     837.7           0.0741
     837.5           0.0742
     836.3           0.0752
     834.9           0.0764
     833.4           0.0775
     832.5           0.0782
     831.8           0.0787
     830.3           0.0798
     828.6           0.0810
     827.5           0.0817
     827.0           0.0821
     825.2           0.0833
     823.5           0.0844
     822.5           0.0850
     821.6           0.0856
     819.8           0.0867
     817.8           0.0878
     817.5           0.0880
     815.8           0.0890
     813.7           0.0901
     812.5           0.0908
     811.5           0.0913
     809.3           0.0924
     807.5           0.0933
     807.0           0.0936
     804.6           0.0947
     802.5           0.0957
     802.2           0.0959
     800.4           0.0970
     798.6           0.0982
     797.5           0.0988
     796.3           0.0993
     793.7           0.1005
     792.5           0.1010
     790.9           0.1016
     788.1           0.1028
     787.5           0.1030
     785.1           0.1039
     782.5           0.1049
     782.0           0.1051
     778.9           0.1062
     777.5           0.1067
     775.6           0.1074
     772.5           0.1084
     772.2           0.1085
     768.6           0.1097
     767.5           0.1100
     765.0           0.1108
     762.5           0.1116
     761.2           0.1120
     757.5           0.1130
     757.3           0.1131
     753.2           0.1143
     752.5           0.1145
     749.1           0.1154
     747.5           0.1158
     744.8           0.1166
     742.5           0.1171
     740.3           0.1177
     737.5           0.1184
     735.8           0.1189
     732.5           0.1196
     731.1           0.1200
     727.5           0.1209
     726.3           0.1211
     722.5           0.1220
     721.4           0.1223
     717.5           0.1232
     716.4           0.1234
     712.5           0.1243
     711.4           0.1246
     707.5           0.1255
     706.2           0.1257
     702.5           0.1266
     701.0           0.1269
     697.5           0.1276
     695.8           0.1280
     692.5           0.1287
     690.4           0.1292
     687.5           0.1298
     685.1           0.1303
     682.5           0.1309
     679.7           0.1315
     677.5           0.1319
     674.2           0.1326
     672.5           0.1330
     668.8           0.1338
     667.5           0.1340
     663.3           0.1349
     662.5           0.1351
     657.8           0.1361
     657.5           0.1361
     652.5           0.1372
     652.3           0.1372
     647.5           0.1382
     646.9           0.1384
     642.5           0.1393
     641.4           0.1395
     637.5           0.1403
     636.0           0.1407
     632.5           0.1414
     630.6           0.1418
     627.5           0.1425
     625.2           0.1430
     622.5           0.1435
     619.8           0.1441
     617.5           0.1446
     614.5           0.1453
     612.5           0.1457
     609.1           0.1464
     607.5           0.1468
     603.8           0.1476
     602.5           0.1478
     598.6           0.1487
     597.5           0.1489
     593.4           0.1499
     592.5           0.1500
     588.1           0.1510
     587.5           0.1511
     582.9           0.1522
     582.5           0.1522
     577.8           0.1533
     577.5           0.1534
     572.6           0.1544
     572.5           0.1545
     567.5           0.1556
     567.5           0.1556
     562.5           0.1567
     562.5           0.1567
     557.5           0.1579
     557.5           0.1579
     552.5           0.1590
     552.5           0.1590
     547.5           0.1602
     547.5           0.1602
     542.6           0.1613
     542.5           0.1614
     537.7           0.1625
     537.5           0.1625
     532.9           0.1636
     532.5           0.1637
     528.0           0.1648
     527.5           0.1649
     523.2           0.1659
     522.5           0.1661
     518.4           0.1671
     517.5           0.1673
     513.7           0.1682
     512.5           0.1685
     509.0           0.1694
     507.5           0.1697
     504.3           0.1705
     502.5           0.1709
     499.6           0.1717
     497.5           0.1722
     494.9           0.1728
     492.5           0.1734
     490.3           0.1740
     487.5           0.1747
     485.7           0.1751
     482.5           0.1759
     481.2           0.1763
     477.5           0.1772
     476.6           0.1774
     472.5           0.1785
     472.1           0.1786
     467.6           0.1797
     467.5           0.1797
     463.1           0.1809
     462.5           0.1810
     458.7           0.1820
     457.5           0.1823
     454.1           0.1832
     452.5           0.1836
     449.6           0.1843
     447.5           0.1848
     445.1           0.1855
     442.5           0.1861
     440.5           0.1866
     437.5           0.1873
     435.9           0.1878
     432.5           0.1886
     431.3           0.1889
     427.5           0.1898
     426.7           0.1900
     422.5           0.1911
     422.0           0.1912
     417.5           0.1923
     417.4           0.1923
     412.8           0.1935
     412.5           0.1936
     408.2           0.1946
     407.5           0.1948
     403.7           0.1958
     402.5           0.1961
     399.1           0.1969
     397.5           0.1973
     394.5           0.1981
     392.5           0.1986
     390.0           0.1992
     387.5           0.1999
     385.6           0.2004
     382.5           0.2012
     381.1           0.2015
     377.5           0.2025
     376.7           0.2027
     372.5           0.2038
     372.3           0.2038
     368.0           0.2050
     367.5           0.2051
     363.8           0.2061
     362.5           0.2065
     359.6           0.2073
     357.5           0.2078
     355.4           0.2084
     352.5           0.2092
     351.3           0.2096
     347.5           0.2106
     347.3           0.2107
     343.3           0.2119
     342.5           0.2121
     339.4           0.2130
     337.5           0.2136
     335.6           0.2142
     332.5           0.2151
     331.8           0.2153
     328.1           0.2165
     327.5           0.2166
     324.5           0.2176
     322.5           0.2182
     320.9           0.2188
     317.5           0.2199
     317.3           0.2199
     313.9           0.2211
     312.5           0.2215
     310.5           0.2222
     307.5           0.2232
     307.2           0.2233
     303.9           0.2245
     302.5           0.2250
     300.7           0.2256
     297.5           0.2268
     297.5           0.2268
     294.4           0.2279
     292.5           0.2286
     291.3           0.2291
     288.2           0.2302
     287.5           0.2305
     285.2           0.2314
     282.5           0.2324
     282.2           0.2325
     279.4           0.2337
     277.5           0.2344
     276.5           0.2348
     273.6           0.2360
     272.5           0.2364
     270.9           0.2371
     268.1           0.2383
     267.5           0.2385
     265.4           0.2394
     262.7           0.2406
     262.5           0.2407
     260.1           0.2417
     257.5           0.2429
     257.5           0.2429
     255.0           0.2440
     252.5           0.2451
     252.5           0.2452
     250.1           0.2463
     247.6           0.2475
     247.5           0.2475
     245.2           0.2486
     242.9           0.2498
     242.5           0.2499
     240.6           0.2509
     238.3           0.2521
     237.5           0.2524
     236.1           0.2532
     233.9           0.2544
     232.5           0.2551
     231.7           0.2555
     229.6           0.2567
     227.5           0.2578
     227.5           0.2578
     225.5           0.2589
     223.5           0.2601
     222.5           0.2606
     221.5           0.2612
     219.5           0.2624
     217.5           0.2635
     217.5           0.2636
     215.7           0.2647
     213.8           0.2658
     212.5           0.2666
     211.9           0.2670
     210.1           0.2681
     208.2           0.2693
     207.5           0.2697
     206.4           0.2704
     204.6           0.2716
     202.7           0.2727
     202.5           0.2728
     201.0           0.2739
     199.3           0.2750
     197.5           0.2761
     197.4           0.2762
     195.8           0.2773
     194.1           0.2785
     192.5           0.2795
     192.3           0.2796
     190.5           0.2808
     188.7           0.2819
     187.5           0.2826
     186.8           0.2831
     185.0           0.2842
     183.1           0.2854
     182.5           0.2857
     181.3           0.2865
     179.5           0.2877
     177.7           0.2888
     177.5           0.2889
     176.0           0.2900
     174.3           0.2911
     172.5           0.2922
     172.5           0.2922
     170.6           0.2934
     168.6           0.2945
     167.5           0.2951
     166.5           0.2957
     164.6           0.2968
     162.6           0.2980
     162.5           0.2981
     160.9           0.2991
     159.1           0.3003
     157.5           0.3013
     157.4           0.3014
     155.7           0.3026
     154.1           0.3037
     152.5           0.3048
     152.4           0.3049
     151.1           0.3060
     149.7           0.3072
     148.3           0.3083
     147.5           0.3090
     147.1           0.3095
     145.9           0.3106
     144.8           0.3118
     143.6           0.3129
     142.5           0.3139
     142.4           0.3141
     141.3           0.3152
     140.2           0.3164
     139.0           0.3175
     137.8           0.3187
     137.5           0.3189
     136.7           0.3198
     135.6           0.3210
     134.4           0.3221
     133.3           0.3233
     132.5           0.3240
     132.1           0.3244
     131.0           0.3256
     129.9           0.3267
     128.8           0.3278
     127.7           0.3290
     127.5           0.3291
     126.6           0.3301
     125.5           0.3313
     124.4           0.3324
     123.3           0.3336
     122.5           0.3344
     122.2           0.3347
     121.2           0.3359
     120.1           0.3370
     119.0           0.3382
     117.9           0.3393
     117.5           0.3397
     116.9           0.3405
     115.8           0.3416
     114.8           0.3428
     113.7           0.3439
     112.6           0.3451
     112.5           0.3452
     111.6           0.3462
     110.7           0.3474
     109.6           0.3485
     108.6           0.3497
     107.5           0.3508
     107.5           0.3509
     106.6           0.3520
     105.6           0.3531
     104.6           0.3543
     103.6           0.3554
     102.6           0.3566
     102.5           0.3566
     100.9           0.3577
      99.3           0.3589
      97.9           0.3600
      97.5           0.3603
