# Contour PureWino, Exp
#  mchi1pm dm(chi1pm-chi10)
      97.5           0.0139
     102.5           0.0142
     102.8           0.0144
     106.1           0.0155
     107.5           0.0161
     109.3           0.0167
     112.5           0.0178
     112.5           0.0178
     116.2           0.0189
     117.5           0.0194
     120.0           0.0201
     122.5           0.0209
     123.8           0.0212
     127.5           0.0223
     127.9           0.0224
     132.3           0.0235
     132.5           0.0236
     136.9           0.0247
     137.5           0.0248
     141.9           0.0258
     142.5           0.0260
     147.1           0.0270
     147.5           0.0271
     152.5           0.0281
     152.7           0.0281
     157.5           0.0291
     158.7           0.0293
     162.5           0.0300
     165.0           0.0304
     167.5           0.0309
     171.7           0.0316
     172.5           0.0317
     177.5           0.0325
     179.0           0.0327
     182.5           0.0333
     186.7           0.0339
     187.5           0.0340
     192.5           0.0347
     195.1           0.0350
     197.5           0.0354
     202.5           0.0360
     204.2           0.0362
     207.5           0.0366
     212.5           0.0372
     213.9           0.0373
     217.5           0.0377
     222.5           0.0383
     224.4           0.0385
     227.5           0.0388
     232.5           0.0393
     235.8           0.0396
     237.5           0.0398
     242.5           0.0403
     247.5           0.0407
     248.0           0.0408
     252.5           0.0412
     257.5           0.0416
     261.2           0.0419
     262.5           0.0420
     267.5           0.0424
     272.5           0.0428
     275.4           0.0431
     277.5           0.0432
     282.5           0.0436
     287.5           0.0440
     290.6           0.0442
     292.5           0.0444
     297.5           0.0447
     302.5           0.0451
     306.6           0.0454
     307.5           0.0454
     312.5           0.0458
     317.5           0.0461
     322.5           0.0464
     323.5           0.0465
     327.5           0.0468
     332.5           0.0471
     337.5           0.0474
     340.9           0.0477
     342.5           0.0478
     347.5           0.0481
     352.5           0.0484
     357.5           0.0487
     358.8           0.0488
     362.5           0.0490
     367.5           0.0494
     372.5           0.0497
     376.9           0.0500
     377.5           0.0500
     382.5           0.0503
     387.5           0.0506
     392.5           0.0509
     395.0           0.0511
     397.5           0.0513
     402.5           0.0516
     407.5           0.0519
     412.5           0.0522
     412.9           0.0522
     417.5           0.0526
     422.5           0.0529
     427.5           0.0532
     430.6           0.0534
     432.5           0.0535
     437.5           0.0539
     442.5           0.0542
     447.5           0.0545
     447.8           0.0545
     452.5           0.0549
     457.5           0.0552
     462.5           0.0556
     464.7           0.0557
     467.5           0.0559
     472.5           0.0563
     477.5           0.0566
     481.0           0.0568
     482.5           0.0570
     487.5           0.0573
     492.5           0.0577
     496.9           0.0580
     497.5           0.0580
     502.5           0.0584
     507.5           0.0588
     512.3           0.0591
     512.5           0.0592
     517.5           0.0595
     522.5           0.0599
     527.2           0.0603
     527.5           0.0603
     532.5           0.0607
     537.5           0.0611
     541.7           0.0614
     542.5           0.0615
     547.5           0.0619
     552.5           0.0623
     555.7           0.0626
     557.5           0.0627
     562.5           0.0632
     567.5           0.0636
     569.3           0.0637
     572.5           0.0640
     577.5           0.0644
     582.5           0.0649
     582.5           0.0649
     587.5           0.0653
     592.5           0.0658
     595.4           0.0660
     597.5           0.0662
     602.5           0.0667
     607.5           0.0672
     607.7           0.0672
     612.5           0.0676
     617.5           0.0681
     619.7           0.0683
     622.5           0.0686
     627.5           0.0691
     631.5           0.0695
     632.5           0.0696
     637.5           0.0701
     642.5           0.0706
     642.8           0.0706
     647.5           0.0711
     652.5           0.0716
     653.9           0.0718
     657.5           0.0722
     662.5           0.0727
     664.7           0.0729
     667.5           0.0732
     672.5           0.0738
     675.3           0.0741
     677.5           0.0743
     682.5           0.0749
     685.5           0.0752
     687.5           0.0754
     692.5           0.0760
     695.6           0.0764
     697.5           0.0766
     702.5           0.0772
     705.3           0.0775
     707.5           0.0778
     712.5           0.0784
     714.9           0.0787
     717.5           0.0790
     722.5           0.0796
     724.2           0.0798
     727.5           0.0802
     732.5           0.0809
     733.4           0.0810
     737.5           0.0815
     742.3           0.0821
     742.5           0.0821
     747.5           0.0828
     751.0           0.0833
     752.5           0.0835
     757.5           0.0841
     759.6           0.0844
     762.5           0.0848
     767.5           0.0855
     767.9           0.0856
     772.5           0.0862
     776.1           0.0867
     777.5           0.0869
     782.5           0.0876
     784.1           0.0878
     787.5           0.0884
     791.9           0.0890
     792.5           0.0891
     797.5           0.0898
     799.0           0.0901
     802.5           0.0909
     805.2           0.0913
     807.5           0.0916
     812.5           0.0924
     813.0           0.0924
     817.5           0.0931
     820.7           0.0936
     822.5           0.0939
     827.5           0.0947
     828.1           0.0947
     832.5           0.0955
     835.2           0.0959
     837.5           0.0963
     842.2           0.0970
     842.5           0.0971
     847.5           0.0979
     849.0           0.0982
     852.5           0.0988
     855.5           0.0993
     857.5           0.0997
     861.9           0.1005
     862.5           0.1006
     867.5           0.1015
     868.1           0.1016
     872.5           0.1025
     874.1           0.1028
     877.5           0.1035
     879.9           0.1039
     882.5           0.1045
     885.6           0.1051
     887.5           0.1055
     891.0           0.1062
     892.5           0.1065
     896.3           0.1074
     897.5           0.1076
     901.4           0.1085
     902.5           0.1088
     906.3           0.1097
     907.5           0.1099
     911.1           0.1108
     912.5           0.1112
     915.7           0.1120
     917.5           0.1124
     920.1           0.1131
     922.5           0.1138
     924.3           0.1143
     927.5           0.1152
     928.3           0.1154
     932.2           0.1166
     932.5           0.1167
     935.8           0.1177
     937.5           0.1183
     939.3           0.1189
     942.5           0.1200
     942.6           0.1200
     945.6           0.1211
     947.5           0.1219
     948.4           0.1223
     951.0           0.1234
     952.5           0.1242
     953.4           0.1246
     955.5           0.1257
     957.3           0.1269
     957.5           0.1270
     958.9           0.1280
     960.2           0.1292
     961.1           0.1303
     961.8           0.1315
     962.1           0.1326
     962.0           0.1338
     961.5           0.1349
     960.6           0.1361
     959.2           0.1372
     957.5           0.1383
     957.4           0.1384
     955.1           0.1395
     952.5           0.1405
     952.2           0.1407
     948.8           0.1418
     947.5           0.1422
     944.7           0.1430
     942.5           0.1435
     940.0           0.1441
     937.5           0.1446
     934.4           0.1453
     932.5           0.1456
     927.7           0.1464
     927.5           0.1464
     922.5           0.1472
     919.4           0.1476
     917.5           0.1478
     912.5           0.1483
     908.2           0.1487
     907.5           0.1488
     902.5           0.1491
     897.5           0.1495
     892.5           0.1498
     890.4           0.1499
     887.5           0.1500
     882.5           0.1502
     877.5           0.1504
     872.5           0.1505
     867.5           0.1506
     862.5           0.1508
     857.5           0.1509
     852.5           0.1510
     851.6           0.1510
     847.5           0.1511
     842.5           0.1512
     837.5           0.1512
     832.5           0.1513
     827.5           0.1514
     822.5           0.1514
     817.5           0.1515
     812.5           0.1516
     807.5           0.1516
     802.5           0.1517
     797.5           0.1520
     792.5           0.1521
     791.7           0.1522
     787.5           0.1522
     782.5           0.1523
     777.5           0.1525
     772.5           0.1526
     767.5           0.1527
     762.5           0.1528
     757.5           0.1530
     752.5           0.1531
     747.5           0.1533
     745.9           0.1533
     742.5           0.1534
     737.5           0.1535
     732.5           0.1537
     727.5           0.1539
     722.5           0.1540
     717.5           0.1542
     712.5           0.1544
     710.8           0.1544
     707.5           0.1546
     702.5           0.1547
     697.5           0.1549
     692.5           0.1551
     687.5           0.1553
     682.5           0.1556
     681.8           0.1556
     677.5           0.1558
     672.5           0.1560
     667.5           0.1562
     662.5           0.1565
     657.5           0.1567
     656.8           0.1567
     652.5           0.1570
     647.5           0.1572
     642.5           0.1575
     637.5           0.1577
     634.6           0.1579
     632.5           0.1580
     627.5           0.1583
     622.5           0.1586
     617.5           0.1589
     614.5           0.1590
     612.5           0.1592
     607.5           0.1595
     602.5           0.1598
     597.5           0.1601
     596.1           0.1602
     592.5           0.1604
     587.5           0.1607
     582.5           0.1611
     578.9           0.1613
     577.5           0.1614
     572.5           0.1618
     567.5           0.1621
     562.9           0.1625
     562.5           0.1625
     557.5           0.1629
     552.5           0.1633
     547.9           0.1636
     547.5           0.1637
     542.5           0.1641
     537.5           0.1645
     533.8           0.1648
     532.5           0.1649
     527.5           0.1653
     522.5           0.1658
     520.6           0.1659
     517.5           0.1662
     512.5           0.1667
     508.2           0.1671
     507.5           0.1671
     502.5           0.1676
     497.5           0.1681
     496.6           0.1682
     492.5           0.1686
     487.5           0.1692
     485.7           0.1694
     482.5           0.1697
     477.5           0.1703
     475.5           0.1705
     472.5           0.1709
     467.5           0.1715
     465.9           0.1717
     462.5           0.1721
     457.5           0.1727
     456.6           0.1728
     452.5           0.1733
     447.5           0.1740
     447.5           0.1740
     442.5           0.1746
     438.8           0.1751
     437.5           0.1753
     432.5           0.1759
     430.1           0.1763
     427.5           0.1766
     422.5           0.1773
     421.6           0.1774
     417.5           0.1780
     413.2           0.1786
     412.5           0.1787
     407.5           0.1793
     404.9           0.1797
     402.5           0.1800
     397.5           0.1807
     396.6           0.1809
     392.5           0.1814
     388.4           0.1820
     387.5           0.1821
     382.5           0.1828
     380.0           0.1832
     377.5           0.1835
     372.5           0.1842
     371.6           0.1843
     367.5           0.1848
     363.2           0.1855
     362.5           0.1855
     357.5           0.1862
     354.6           0.1866
     352.5           0.1869
     347.5           0.1875
     346.0           0.1878
     342.5           0.1882
     337.5           0.1889
     337.2           0.1889
     332.5           0.1895
     328.4           0.1900
     327.5           0.1902
     322.5           0.1908
     319.6           0.1912
     317.5           0.1915
     312.5           0.1921
     310.8           0.1923
     307.5           0.1928
     302.5           0.1934
     302.0           0.1935
     297.5           0.1941
     293.2           0.1946
     292.5           0.1947
     287.5           0.1954
     284.6           0.1958
     282.5           0.1960
     277.5           0.1967
     276.0           0.1969
     272.5           0.1974
     267.5           0.1981
     267.5           0.1981
     262.5           0.1988
     259.2           0.1992
     257.5           0.1994
     252.5           0.2001
     250.9           0.2004
     247.5           0.2008
     242.6           0.2015
     242.5           0.2015
     237.5           0.2022
     234.5           0.2027
     232.5           0.2029
     227.5           0.2037
     226.8           0.2038
     222.5           0.2045
     219.7           0.2050
     217.5           0.2053
     212.8           0.2061
     212.5           0.2062
     207.5           0.2070
     206.1           0.2073
     202.5           0.2079
     199.4           0.2084
     197.5           0.2087
     192.8           0.2096
     192.5           0.2096
     187.5           0.2105
     186.3           0.2107
     182.5           0.2114
     179.9           0.2119
     177.5           0.2123
     173.6           0.2130
     172.5           0.2132
     167.5           0.2141
     167.4           0.2142
     162.5           0.2151
     161.4           0.2153
     157.5           0.2160
     155.6           0.2165
     152.5           0.2170
     149.9           0.2176
     147.5           0.2181
     144.3           0.2188
     142.5           0.2191
     139.0           0.2199
     137.5           0.2202
     133.8           0.2211
     132.5           0.2213
     128.9           0.2222
     127.5           0.2225
     124.2           0.2233
     122.5           0.2237
     119.7           0.2245
     117.5           0.2250
     115.3           0.2256
     112.5           0.2264
     111.1           0.2268
     107.5           0.2278
     107.0           0.2279
     103.2           0.2291
     102.5           0.2293
      97.5           0.2297
