# Contour PureWino, Obs
#  mchi1pm dm(chi1pm-chi10)
      97.5           0.0073
     100.1           0.0075
     102.5           0.0077
     105.2           0.0086
     107.5           0.0095
     108.2           0.0098
     111.6           0.0109
     112.5           0.0113
     115.1           0.0121
     117.5           0.0129
     118.7           0.0132
     122.4           0.0144
     122.5           0.0144
     126.5           0.0155
     127.5           0.0158
     130.8           0.0167
     132.5           0.0171
     135.3           0.0178
     137.5           0.0184
     140.1           0.0189
     142.5           0.0195
     145.2           0.0201
     147.5           0.0206
     150.6           0.0212
     152.5           0.0217
     156.3           0.0224
     157.5           0.0226
     162.3           0.0235
     162.5           0.0236
     167.5           0.0245
     169.0           0.0247
     172.5           0.0253
     176.0           0.0258
     177.5           0.0261
     182.5           0.0269
     183.4           0.0270
     187.5           0.0276
     191.6           0.0281
     192.5           0.0283
     197.5           0.0289
     200.4           0.0293
     202.5           0.0296
     207.5           0.0302
     209.8           0.0304
     212.5           0.0308
     217.5           0.0313
     220.1           0.0316
     222.5           0.0319
     227.5           0.0324
     231.2           0.0327
     232.5           0.0329
     237.5           0.0334
     242.5           0.0338
     243.2           0.0339
     247.5           0.0343
     252.5           0.0347
     256.3           0.0350
     257.5           0.0351
     262.5           0.0356
     267.5           0.0360
     270.4           0.0362
     272.5           0.0363
     277.5           0.0367
     282.5           0.0371
     285.7           0.0373
     287.5           0.0375
     292.5           0.0378
     297.5           0.0382
     302.0           0.0385
     302.5           0.0385
     307.5           0.0388
     312.5           0.0392
     317.5           0.0395
     319.4           0.0396
     322.5           0.0398
     327.5           0.0401
     332.5           0.0405
     337.5           0.0408
     337.5           0.0408
     342.5           0.0411
     347.5           0.0414
     352.5           0.0417
     356.4           0.0419
     357.5           0.0420
     362.5           0.0423
     367.5           0.0426
     372.5           0.0429
     375.6           0.0431
     377.5           0.0432
     382.5           0.0435
     387.5           0.0438
     392.5           0.0441
     394.9           0.0442
     397.5           0.0444
     402.5           0.0447
     407.5           0.0450
     412.5           0.0453
     414.1           0.0454
     417.5           0.0456
     422.5           0.0459
     427.5           0.0462
     432.5           0.0465
     433.0           0.0465
     437.5           0.0468
     442.5           0.0471
     447.5           0.0474
     451.5           0.0477
     452.5           0.0477
     457.5           0.0480
     462.5           0.0484
     467.5           0.0487
     469.5           0.0488
     472.5           0.0490
     477.5           0.0493
     482.5           0.0497
     487.0           0.0500
     487.5           0.0500
     492.5           0.0503
     497.5           0.0507
     502.5           0.0510
     503.9           0.0511
     507.5           0.0514
     512.5           0.0517
     517.5           0.0521
     520.2           0.0522
     522.5           0.0524
     527.5           0.0528
     532.5           0.0532
     536.0           0.0534
     537.5           0.0535
     542.5           0.0539
     547.5           0.0543
     551.2           0.0545
     552.5           0.0547
     557.5           0.0550
     562.5           0.0554
     565.9           0.0557
     567.5           0.0558
     572.5           0.0562
     577.5           0.0566
     580.2           0.0568
     582.5           0.0570
     587.5           0.0575
     592.5           0.0579
     593.9           0.0580
     597.5           0.0583
     602.5           0.0587
     607.1           0.0591
     607.5           0.0592
     612.5           0.0596
     617.5           0.0601
     620.0           0.0603
     622.5           0.0605
     627.5           0.0610
     632.5           0.0614
     632.5           0.0614
     637.5           0.0619
     642.5           0.0624
     644.6           0.0626
     647.5           0.0629
     652.5           0.0634
     656.3           0.0637
     657.5           0.0639
     662.5           0.0644
     667.5           0.0649
     667.7           0.0649
     672.5           0.0654
     677.5           0.0659
     678.8           0.0660
     682.5           0.0664
     687.5           0.0670
     689.5           0.0672
     692.5           0.0675
     697.5           0.0681
     700.0           0.0683
     702.5           0.0686
     707.5           0.0692
     710.2           0.0695
     712.5           0.0697
     717.5           0.0703
     720.2           0.0706
     722.5           0.0709
     727.5           0.0715
     729.9           0.0718
     732.5           0.0721
     737.5           0.0727
     739.3           0.0729
     742.5           0.0733
     747.5           0.0739
     748.6           0.0741
     752.5           0.0746
     757.5           0.0752
     757.6           0.0752
     762.5           0.0759
     766.4           0.0764
     767.5           0.0765
     772.5           0.0772
     775.0           0.0775
     777.5           0.0779
     782.5           0.0785
     783.4           0.0787
     787.5           0.0792
     791.6           0.0798
     792.5           0.0799
     797.5           0.0807
     799.0           0.0810
     802.5           0.0817
     805.7           0.0821
     807.5           0.0824
     812.5           0.0831
     813.9           0.0833
     817.5           0.0838
     821.8           0.0844
     822.5           0.0845
     827.5           0.0853
     829.5           0.0856
     832.5           0.0860
     837.0           0.0867
     837.5           0.0868
     842.5           0.0876
     844.2           0.0878
     847.5           0.0884
     851.2           0.0890
     852.5           0.0892
     857.5           0.0901
     858.1           0.0901
     862.5           0.0909
     864.7           0.0913
     867.5           0.0918
     871.1           0.0924
     872.5           0.0927
     877.4           0.0936
     877.5           0.0936
     882.5           0.0945
     883.5           0.0947
     887.5           0.0955
     889.4           0.0959
     892.5           0.0965
     895.2           0.0970
     897.5           0.0975
     900.8           0.0982
     902.5           0.0985
     906.3           0.0993
     907.5           0.0996
     911.6           0.1005
     912.5           0.1007
     916.7           0.1016
     917.5           0.1018
     921.7           0.1028
     922.5           0.1030
     926.5           0.1039
     927.5           0.1042
     931.2           0.1051
     932.5           0.1054
     935.8           0.1062
     937.5           0.1067
     940.2           0.1074
     942.5           0.1080
     944.4           0.1085
     947.5           0.1094
     948.6           0.1097
     952.5           0.1108
     952.5           0.1108
     956.4           0.1120
     957.5           0.1123
     960.0           0.1131
     962.5           0.1139
     963.6           0.1143
     966.9           0.1154
     967.5           0.1156
     970.2           0.1166
     972.5           0.1174
     973.2           0.1177
     976.2           0.1189
     977.5           0.1194
     978.9           0.1200
     981.5           0.1211
     982.5           0.1216
     983.9           0.1223
     986.1           0.1234
     987.5           0.1242
     988.2           0.1246
     990.0           0.1257
     991.6           0.1269
     992.5           0.1276
     993.0           0.1280
     994.2           0.1292
     995.0           0.1303
     995.6           0.1315
     995.8           0.1326
     995.7           0.1338
     995.2           0.1349
     994.3           0.1361
     992.9           0.1372
     992.5           0.1374
     990.9           0.1384
     988.5           0.1395
     987.5           0.1399
     985.4           0.1407
     982.5           0.1416
     981.8           0.1418
     977.6           0.1430
     977.5           0.1430
     972.8           0.1441
     972.5           0.1442
     967.5           0.1452
     967.3           0.1453
     962.5           0.1461
     961.1           0.1464
     957.5           0.1470
     954.1           0.1476
     952.5           0.1478
     947.5           0.1485
     946.2           0.1487
     942.5           0.1492
     937.5           0.1498
     937.1           0.1499
     932.5           0.1504
     927.5           0.1509
     926.3           0.1510
     922.5           0.1513
     917.5           0.1518
     912.5           0.1521
     912.4           0.1522
     907.5           0.1525
     902.5           0.1528
     897.5           0.1530
     892.5           0.1533
     892.0           0.1533
     887.5           0.1535
     882.5           0.1537
     877.5           0.1538
     872.5           0.1540
     867.5           0.1541
     862.5           0.1542
     857.5           0.1543
     852.5           0.1544
     848.7           0.1544
     847.5           0.1545
     842.5           0.1545
     837.5           0.1546
     832.5           0.1546
     827.5           0.1547
     822.5           0.1547
     817.5           0.1548
     812.5           0.1548
     807.5           0.1549
     802.5           0.1549
     797.5           0.1552
     792.5           0.1552
     787.5           0.1553
     782.5           0.1554
     777.5           0.1555
     772.5           0.1556
     770.8           0.1556
     767.5           0.1557
     762.5           0.1557
     757.5           0.1558
     752.5           0.1559
     747.5           0.1560
     742.5           0.1561
     737.5           0.1562
     732.5           0.1564
     727.5           0.1565
     722.5           0.1566
     717.5           0.1567
     717.3           0.1567
     712.5           0.1569
     707.5           0.1570
     702.5           0.1571
     697.5           0.1573
     692.5           0.1575
     687.5           0.1576
     682.5           0.1578
     679.7           0.1579
     677.5           0.1580
     672.5           0.1581
     667.5           0.1583
     662.5           0.1585
     657.5           0.1587
     652.5           0.1589
     649.6           0.1590
     647.5           0.1591
     642.5           0.1593
     637.5           0.1596
     632.5           0.1598
     627.5           0.1600
     624.1           0.1602
     622.5           0.1603
     617.5           0.1605
     612.5           0.1608
     607.5           0.1610
     602.5           0.1613
     601.6           0.1613
     597.5           0.1616
     592.5           0.1618
     587.5           0.1621
     582.5           0.1624
     581.5           0.1625
     577.5           0.1627
     572.5           0.1630
     567.5           0.1633
     563.2           0.1636
     562.5           0.1637
     557.5           0.1640
     552.5           0.1643
     547.5           0.1647
     546.3           0.1648
     542.5           0.1650
     537.5           0.1654
     532.5           0.1658
     530.8           0.1659
     527.5           0.1662
     522.5           0.1666
     517.5           0.1670
     516.4           0.1671
     512.5           0.1674
     507.5           0.1678
     503.1           0.1682
     502.5           0.1683
     497.5           0.1687
     492.5           0.1692
     490.8           0.1694
     487.5           0.1697
     482.5           0.1702
     479.5           0.1705
     477.5           0.1707
     472.5           0.1713
     468.8           0.1717
     467.5           0.1718
     462.5           0.1724
     458.7           0.1728
     457.5           0.1730
     452.5           0.1735
     448.9           0.1740
     447.5           0.1741
     442.5           0.1747
     439.4           0.1751
     437.5           0.1753
     432.5           0.1760
     430.1           0.1763
     427.5           0.1766
     422.5           0.1772
     420.8           0.1774
     417.5           0.1778
     412.5           0.1784
     411.6           0.1786
     407.5           0.1791
     402.5           0.1797
     402.5           0.1797
     397.5           0.1803
     393.5           0.1809
     392.5           0.1810
     387.5           0.1816
     384.3           0.1820
     382.5           0.1822
     377.5           0.1828
     375.1           0.1832
     372.5           0.1835
     367.5           0.1841
     365.7           0.1843
     362.5           0.1847
     357.5           0.1853
     356.3           0.1855
     352.5           0.1859
     347.5           0.1865
     346.7           0.1866
     342.5           0.1871
     337.5           0.1877
     336.9           0.1878
     332.5           0.1883
     327.5           0.1889
     327.1           0.1889
     322.5           0.1894
     317.5           0.1900
     317.2           0.1900
     312.5           0.1906
     307.5           0.1912
     307.3           0.1912
     302.5           0.1917
     297.5           0.1923
     297.4           0.1923
     292.5           0.1929
     287.6           0.1935
     287.5           0.1935
     282.5           0.1941
     277.8           0.1946
     277.5           0.1947
     272.5           0.1953
     268.3           0.1958
     267.5           0.1959
     262.5           0.1965
     258.8           0.1969
     257.5           0.1971
     252.5           0.1977
     249.5           0.1981
     247.5           0.1983
     242.5           0.1989
     240.3           0.1992
     237.5           0.1996
     232.5           0.2002
     231.2           0.2004
     227.5           0.2009
     222.8           0.2015
     222.5           0.2016
     217.5           0.2023
     215.3           0.2027
     212.5           0.2031
     208.2           0.2038
     207.5           0.2039
     202.5           0.2048
     201.3           0.2050
     197.5           0.2056
     194.4           0.2061
     192.5           0.2064
     187.5           0.2073
     187.5           0.2073
     182.5           0.2081
     180.9           0.2084
     177.5           0.2090
     174.3           0.2096
     172.5           0.2099
     167.8           0.2107
     167.5           0.2108
     162.5           0.2117
     161.6           0.2119
     157.5           0.2126
     155.5           0.2130
     152.5           0.2136
     149.6           0.2142
     147.5           0.2146
     143.9           0.2153
     142.5           0.2156
     138.4           0.2165
     137.5           0.2166
     133.1           0.2176
     132.5           0.2177
     128.1           0.2188
     127.5           0.2189
     123.2           0.2199
     122.5           0.2201
     118.7           0.2211
     117.5           0.2213
     114.3           0.2222
     112.5           0.2226
     110.1           0.2233
     107.5           0.2240
     106.0           0.2245
     102.5           0.2255
     101.0           0.2256
      97.5           0.2259
