# Contour PureHiggsino, Exp
#  mchi1pm dm(chi1pm-chi10)
     903.7           0.0006
     907.5           0.0006
     912.5           0.0007
     917.5           0.0007
     922.5           0.0008
     927.5           0.0008
     932.5           0.0009
     937.5           0.0009
     942.5           0.0009
     947.5           0.0010
     952.5           0.0010
     957.5           0.0011
     962.5           0.0011
     967.5           0.0011
     972.5           0.0012
     977.5           0.0012
     982.5           0.0012
     987.5           0.0013
     992.5           0.0013
     997.5           0.0013
    1002.5           0.0013
    1007.5           0.0014
    1012.5           0.0014
    1017.5           0.0014
    1022.5           0.0014
    1027.5           0.0015
    1032.5           0.0015
    1037.5           0.0015
    1042.5           0.0015
    1047.5           0.0015
    1052.5           0.0015
    1057.5           0.0016
    1062.5           0.0016
    1067.5           0.0016
    1072.5           0.0016
    1077.5           0.0016
    1082.5           0.0016
    1087.5           0.0017
    1092.5           0.0017
    1097.5           0.0017
    1102.5           0.0017
    1107.5           0.0017
    1110.3           0.0017
    1109.2           0.0029
    1108.0           0.0040
    1107.5           0.0045
    1106.8           0.0052
    1105.6           0.0063
    1104.4           0.0075
    1103.2           0.0086
    1102.5           0.0093
    1102.0           0.0098
    1100.8           0.0109
    1099.7           0.0121
    1098.4           0.0132
    1097.5           0.0141
    1097.2           0.0144
    1096.0           0.0155
    1094.8           0.0167
    1093.6           0.0178
    1092.5           0.0188
    1092.4           0.0189
    1091.2           0.0201
    1089.9           0.0212
    1088.7           0.0224
    1087.5           0.0235
    1087.4           0.0235
    1086.2           0.0247
    1085.0           0.0258
    1083.7           0.0270
    1082.5           0.0281
    1082.5           0.0281
    1081.2           0.0293
    1080.0           0.0304
    1078.7           0.0316
    1077.5           0.0326
    1077.4           0.0327
    1076.1           0.0339
    1074.9           0.0350
    1073.6           0.0362
    1072.5           0.0371
    1072.3           0.0373
    1071.0           0.0385
    1069.7           0.0396
    1068.4           0.0408
    1067.5           0.0415
    1067.1           0.0419
    1065.8           0.0431
    1064.4           0.0442
    1063.1           0.0454
    1062.5           0.0459
    1061.8           0.0465
    1060.4           0.0477
    1059.1           0.0488
    1057.7           0.0500
    1057.5           0.0501
    1056.4           0.0511
    1055.0           0.0522
    1053.6           0.0534
    1052.5           0.0543
    1052.2           0.0545
    1050.9           0.0557
    1049.5           0.0568
    1048.0           0.0580
    1047.5           0.0584
    1046.6           0.0591
    1045.2           0.0603
    1043.8           0.0614
    1042.5           0.0624
    1042.3           0.0626
    1040.9           0.0637
    1039.4           0.0649
    1037.9           0.0660
    1037.5           0.0664
    1036.5           0.0672
    1035.0           0.0683
    1033.5           0.0695
    1032.5           0.0702
    1032.0           0.0706
    1030.4           0.0718
    1028.9           0.0729
    1027.5           0.0739
    1027.3           0.0741
    1025.8           0.0752
    1024.2           0.0764
    1022.6           0.0775
    1022.5           0.0776
    1021.0           0.0787
    1019.4           0.0798
    1017.7           0.0810
    1017.5           0.0811
    1016.1           0.0821
    1014.4           0.0833
    1012.7           0.0844
    1012.5           0.0845
    1011.0           0.0856
    1009.2           0.0867
    1007.5           0.0878
    1007.5           0.0878
    1005.7           0.0890
    1003.9           0.0901
    1002.5           0.0910
    1001.8           0.0913
     999.2           0.0924
     997.5           0.0931
     996.8           0.0936
     995.1           0.0947
     993.3           0.0959
     992.5           0.0964
     991.5           0.0970
     989.6           0.0982
     987.8           0.0993
     987.5           0.0995
     985.8           0.1005
     983.9           0.1016
     982.5           0.1024
     981.9           0.1028
     979.9           0.1039
     977.8           0.1051
     977.5           0.1052
     975.7           0.1062
     973.5           0.1074
     972.5           0.1079
     971.3           0.1085
     969.1           0.1097
     967.5           0.1104
     966.7           0.1108
     964.4           0.1120
     962.5           0.1128
     961.9           0.1131
     959.4           0.1143
     957.5           0.1151
     956.9           0.1154
     954.3           0.1166
     952.5           0.1173
     951.5           0.1177
     948.8           0.1189
     947.5           0.1194
     945.9           0.1200
     943.0           0.1211
     942.5           0.1213
     940.0           0.1223
     937.5           0.1232
     936.9           0.1234
     933.8           0.1246
     932.5           0.1250
     930.5           0.1257
     927.5           0.1268
     927.2           0.1269
     923.8           0.1280
     922.5           0.1284
     920.2           0.1292
     917.5           0.1301
     916.6           0.1303
     912.9           0.1315
     912.5           0.1316
     909.0           0.1326
     907.5           0.1331
     904.9           0.1338
     902.5           0.1344
     900.5           0.1349
     897.5           0.1357
     895.6           0.1361
     892.5           0.1367
     889.8           0.1372
     887.5           0.1376
     882.5           0.1383
     882.0           0.1384
     877.5           0.1389
     872.5           0.1394
     871.7           0.1395
     867.5           0.1399
     862.5           0.1404
     859.8           0.1407
     857.5           0.1409
     852.5           0.1413
     847.5           0.1418
     847.2           0.1418
     842.5           0.1422
     837.5           0.1427
     834.6           0.1430
     832.5           0.1431
     827.5           0.1436
     822.5           0.1441
     822.1           0.1441
     817.5           0.1445
     812.5           0.1450
     809.8           0.1453
     807.5           0.1455
     802.5           0.1459
     799.6           0.1464
     797.5           0.1467
     792.5           0.1472
     789.7           0.1476
     787.5           0.1478
     782.5           0.1483
     779.3           0.1487
     777.5           0.1489
     772.5           0.1495
     769.2           0.1499
     767.5           0.1501
     762.5           0.1506
     759.5           0.1510
     757.5           0.1512
     752.5           0.1518
     750.0           0.1522
     747.5           0.1524
     742.5           0.1531
     740.7           0.1533
     737.5           0.1537
     732.5           0.1543
     731.7           0.1544
     727.5           0.1550
     722.9           0.1556
     722.5           0.1556
     717.5           0.1563
     714.3           0.1567
     712.5           0.1570
     707.5           0.1577
     705.9           0.1579
     702.5           0.1584
     697.7           0.1590
     697.5           0.1591
     692.5           0.1598
     689.7           0.1602
     687.5           0.1605
     682.5           0.1612
     681.8           0.1613
     677.5           0.1620
     674.1           0.1625
     672.5           0.1627
     667.5           0.1635
     666.5           0.1636
     662.5           0.1642
     659.1           0.1648
     657.5           0.1650
     652.5           0.1658
     651.8           0.1659
     647.5           0.1666
     644.6           0.1671
     642.5           0.1674
     637.5           0.1682
     637.5           0.1682
     632.5           0.1691
     630.6           0.1694
     627.5           0.1699
     623.8           0.1705
     622.5           0.1707
     617.5           0.1716
     617.0           0.1717
     612.5           0.1724
     610.4           0.1728
     607.5           0.1733
     603.8           0.1740
     602.5           0.1742
     597.5           0.1751
     597.3           0.1751
     592.5           0.1760
     590.9           0.1763
     587.5           0.1769
     584.5           0.1774
     582.5           0.1778
     578.2           0.1786
     577.5           0.1787
     572.5           0.1796
     572.0           0.1797
     567.5           0.1806
     565.9           0.1809
     562.5           0.1815
     559.9           0.1820
     557.5           0.1824
     553.9           0.1832
     552.5           0.1834
     547.9           0.1843
     547.5           0.1844
     542.5           0.1854
     542.1           0.1855
     537.5           0.1864
     536.3           0.1866
     532.5           0.1874
     530.7           0.1878
     527.5           0.1884
     525.0           0.1889
     522.5           0.1894
     519.5           0.1900
     517.5           0.1904
     514.0           0.1912
     512.5           0.1915
     508.5           0.1923
     507.5           0.1926
     503.1           0.1935
     502.5           0.1936
     497.7           0.1946
     497.5           0.1947
     492.5           0.1958
     492.4           0.1958
     487.5           0.1968
     487.1           0.1969
     482.5           0.1979
     481.8           0.1981
     477.5           0.1990
     476.6           0.1992
     472.5           0.2001
     471.3           0.2004
     467.5           0.2012
     466.1           0.2015
     462.5           0.2023
     460.9           0.2027
     457.5           0.2034
     455.8           0.2038
     452.5           0.2045
     450.6           0.2050
     447.5           0.2057
     445.5           0.2061
     442.5           0.2068
     440.5           0.2073
     437.5           0.2079
     435.4           0.2084
     432.5           0.2091
     430.4           0.2096
     427.5           0.2102
     425.5           0.2107
     422.5           0.2114
     420.6           0.2119
     417.5           0.2126
     415.7           0.2130
     412.5           0.2138
     410.9           0.2142
     407.5           0.2150
     406.1           0.2153
     402.5           0.2162
     401.5           0.2165
     397.5           0.2174
     396.8           0.2176
     392.5           0.2187
     392.3           0.2188
     387.9           0.2199
     387.5           0.2200
     383.6           0.2211
     382.5           0.2213
     379.4           0.2222
     377.5           0.2227
     375.3           0.2233
     372.5           0.2242
     371.3           0.2245
     367.5           0.2256
     367.4           0.2256
     363.6           0.2268
     362.5           0.2271
     359.9           0.2279
     357.5           0.2287
     356.2           0.2291
     352.5           0.2302
     352.5           0.2302
     348.9           0.2314
     347.5           0.2318
     345.4           0.2325
     342.5           0.2335
     341.9           0.2337
     338.5           0.2348
     337.5           0.2351
     335.1           0.2360
     332.5           0.2369
     331.8           0.2371
     328.5           0.2383
     327.5           0.2386
     325.3           0.2394
     322.5           0.2404
     322.0           0.2406
     318.9           0.2417
     317.5           0.2422
     315.8           0.2429
     312.8           0.2440
     312.5           0.2441
     309.8           0.2452
     307.5           0.2460
     306.8           0.2463
     303.9           0.2475
     302.5           0.2480
     301.0           0.2486
     298.2           0.2498
     297.5           0.2500
     295.4           0.2509
     292.7           0.2521
     292.5           0.2521
     290.0           0.2532
     287.5           0.2543
     287.3           0.2544
     284.7           0.2555
     282.5           0.2565
     282.1           0.2567
     279.6           0.2578
     277.5           0.2587
     277.0           0.2589
     274.6           0.2601
     272.5           0.2611
     272.1           0.2612
     269.7           0.2624
     267.5           0.2635
     267.3           0.2635
     265.0           0.2647
     262.7           0.2658
     262.5           0.2659
     260.4           0.2670
     258.1           0.2681
     257.5           0.2684
     255.9           0.2693
     253.6           0.2704
     252.5           0.2710
     251.4           0.2716
     249.2           0.2727
     247.5           0.2736
     247.0           0.2739
     244.8           0.2750
     242.6           0.2762
     242.5           0.2762
     240.5           0.2773
     238.3           0.2785
     237.5           0.2788
     236.1           0.2796
     233.9           0.2808
     232.5           0.2815
     231.7           0.2819
     229.5           0.2831
     227.5           0.2841
     227.3           0.2842
     225.1           0.2854
     222.8           0.2865
     222.5           0.2867
     220.6           0.2877
     218.3           0.2888
     217.5           0.2892
     216.0           0.2900
     213.6           0.2911
     212.5           0.2916
     211.1           0.2922
     208.5           0.2934
     207.5           0.2938
     205.8           0.2945
     202.9           0.2957
     202.5           0.2958
     200.3           0.2968
     198.2           0.2980
     197.5           0.2986
     197.0           0.2991
     196.1           0.3003
     195.2           0.3014
     194.2           0.3026
     193.0           0.3037
     192.5           0.3042
     191.8           0.3049
     190.5           0.3060
     189.1           0.3072
     187.6           0.3083
     187.5           0.3084
     186.2           0.3095
     184.8           0.3106
     183.3           0.3118
     182.5           0.3124
     181.8           0.3129
     180.4           0.3141
     178.9           0.3152
     177.5           0.3163
     177.4           0.3164
     176.0           0.3175
     174.5           0.3187
     173.0           0.3198
     172.5           0.3202
     171.6           0.3210
     170.2           0.3221
     168.7           0.3233
     167.5           0.3242
     167.2           0.3244
     165.8           0.3256
     164.4           0.3267
     162.9           0.3278
     162.5           0.3282
     161.5           0.3290
     160.1           0.3301
     158.7           0.3313
     157.5           0.3322
     157.3           0.3324
     155.9           0.3336
     154.5           0.3347
     153.1           0.3359
     152.5           0.3363
     151.8           0.3370
     150.7           0.3382
     149.5           0.3393
     148.3           0.3405
     147.5           0.3412
     147.2           0.3416
     146.2           0.3428
     145.2           0.3439
     144.2           0.3451
     143.2           0.3462
     142.5           0.3470
     142.2           0.3474
     141.3           0.3485
     140.4           0.3497
     139.4           0.3508
     138.4           0.3520
     137.5           0.3531
     137.5           0.3531
     136.6           0.3543
     135.7           0.3554
     134.9           0.3566
     134.0           0.3577
     133.2           0.3589
     132.5           0.3598
     132.4           0.3600
     131.6           0.3611
     130.9           0.3623
     130.2           0.3634
     129.5           0.3646
     128.7           0.3657
     127.8           0.3669
     127.5           0.3672
     126.8           0.3680
     125.5           0.3692
     123.9           0.3703
     122.5           0.3713
     122.2           0.3715
     120.3           0.3726
     118.4           0.3738
     117.5           0.3743
     116.5           0.3749
     114.5           0.3761
     112.5           0.3772
     112.4           0.3772
     110.5           0.3784
     108.4           0.3795
     107.5           0.3800
     106.4           0.3807
     104.5           0.3818
     102.6           0.3830
     102.5           0.3830
      99.8           0.3841
      97.5           0.3851
