# Contour PureWino, ExpMinus2
#  mchi1pm dm(chi1pm-chi10)
      97.5           0.0351
     102.5           0.0355
     104.5           0.0362
     107.5           0.0373
     107.5           0.0373
     111.0           0.0385
     112.5           0.0390
     114.5           0.0396
     117.5           0.0406
     118.0           0.0408
     121.9           0.0419
     122.5           0.0421
     126.0           0.0431
     127.5           0.0435
     130.3           0.0442
     132.5           0.0448
     134.8           0.0454
     137.5           0.0461
     139.6           0.0465
     142.5           0.0472
     144.7           0.0477
     147.5           0.0483
     150.2           0.0488
     152.5           0.0493
     156.0           0.0500
     157.5           0.0503
     162.0           0.0511
     162.5           0.0512
     167.5           0.0521
     168.6           0.0522
     172.5           0.0529
     175.6           0.0534
     177.5           0.0537
     182.5           0.0545
     183.0           0.0545
     187.5           0.0552
     191.1           0.0557
     192.5           0.0559
     197.5           0.0566
     199.7           0.0568
     202.5           0.0572
     207.5           0.0578
     209.0           0.0580
     212.5           0.0584
     217.5           0.0590
     218.8           0.0591
     222.5           0.0596
     227.5           0.0601
     229.4           0.0603
     232.5           0.0606
     237.5           0.0611
     240.6           0.0614
     242.5           0.0616
     247.5           0.0621
     252.4           0.0626
     252.5           0.0626
     257.5           0.0631
     262.5           0.0635
     265.0           0.0637
     267.5           0.0640
     272.5           0.0644
     277.5           0.0648
     278.2           0.0649
     282.5           0.0653
     287.5           0.0657
     291.9           0.0660
     292.5           0.0661
     297.5           0.0665
     302.5           0.0669
     306.0           0.0672
     307.5           0.0673
     312.5           0.0677
     317.5           0.0681
     320.4           0.0683
     322.5           0.0685
     327.5           0.0689
     332.5           0.0693
     335.0           0.0695
     337.5           0.0697
     342.5           0.0701
     347.5           0.0705
     349.5           0.0706
     352.5           0.0709
     357.5           0.0713
     362.5           0.0717
     364.0           0.0718
     367.5           0.0721
     372.5           0.0725
     377.5           0.0729
     378.3           0.0729
     382.5           0.0733
     387.5           0.0737
     392.3           0.0741
     392.5           0.0741
     397.5           0.0745
     402.5           0.0749
     406.0           0.0752
     407.5           0.0754
     412.5           0.0758
     417.5           0.0762
     419.3           0.0764
     422.5           0.0767
     427.5           0.0771
     432.3           0.0775
     432.5           0.0775
     437.5           0.0780
     442.5           0.0784
     444.9           0.0787
     447.5           0.0789
     452.5           0.0794
     457.0           0.0798
     457.5           0.0799
     462.5           0.0803
     467.5           0.0808
     468.9           0.0810
     472.5           0.0813
     477.5           0.0818
     480.3           0.0821
     482.5           0.0823
     487.5           0.0829
     491.4           0.0833
     492.5           0.0834
     497.5           0.0839
     502.0           0.0844
     502.5           0.0845
     507.5           0.0850
     512.4           0.0856
     512.5           0.0856
     517.5           0.0861
     522.4           0.0867
     522.5           0.0867
     527.5           0.0873
     532.1           0.0878
     532.5           0.0879
     537.5           0.0885
     541.6           0.0890
     542.5           0.0891
     547.5           0.0898
     550.7           0.0901
     552.5           0.0904
     557.5           0.0910
     559.5           0.0913
     562.5           0.0917
     567.5           0.0924
     568.0           0.0924
     572.5           0.0931
     576.2           0.0936
     577.5           0.0938
     582.5           0.0945
     584.2           0.0947
     587.5           0.0952
     591.9           0.0959
     592.5           0.0960
     597.5           0.0968
     599.3           0.0970
     602.5           0.0976
     606.3           0.0982
     607.5           0.0984
     612.5           0.0992
     613.1           0.0993
     617.5           0.1001
     619.7           0.1005
     622.5           0.1010
     626.0           0.1016
     627.5           0.1019
     632.0           0.1028
     632.5           0.1029
     637.5           0.1039
     637.8           0.1039
     642.5           0.1049
     643.2           0.1051
     647.5           0.1060
     648.3           0.1062
     652.5           0.1072
     653.2           0.1074
     657.5           0.1085
     657.7           0.1085
     661.8           0.1097
     662.5           0.1099
     665.6           0.1108
     667.5           0.1115
     669.0           0.1120
     672.0           0.1131
     672.5           0.1133
     674.6           0.1143
     676.7           0.1154
     677.5           0.1160
     678.2           0.1166
     679.3           0.1177
     679.7           0.1189
     679.6           0.1200
     678.7           0.1211
     677.5           0.1220
     677.2           0.1223
     674.9           0.1234
     672.5           0.1244
     671.9           0.1246
     668.1           0.1257
     667.5           0.1259
     663.7           0.1269
     662.5           0.1271
     658.4           0.1280
     657.5           0.1282
     652.5           0.1292
     652.5           0.1292
     647.5           0.1301
     646.1           0.1303
     642.5           0.1309
     639.1           0.1315
     637.5           0.1317
     632.5           0.1325
     631.6           0.1326
     627.5           0.1332
     623.7           0.1338
     622.5           0.1339
     617.5           0.1346
     615.5           0.1349
     612.5           0.1353
     607.5           0.1360
     607.1           0.1361
     602.5           0.1367
     598.6           0.1372
     597.5           0.1374
     592.5           0.1380
     589.9           0.1384
     587.5           0.1387
     582.5           0.1393
     581.2           0.1395
     577.5           0.1400
     572.5           0.1406
     572.3           0.1407
     567.5           0.1413
     563.6           0.1418
     562.5           0.1420
     557.5           0.1426
     554.9           0.1430
     552.5           0.1433
     547.5           0.1439
     546.3           0.1441
     542.5           0.1446
     537.7           0.1453
     537.5           0.1453
     532.5           0.1460
     529.3           0.1464
     527.5           0.1466
     522.5           0.1473
     521.0           0.1476
     517.5           0.1480
     512.7           0.1487
     512.5           0.1487
     507.5           0.1494
     504.7           0.1499
     502.5           0.1502
     497.5           0.1509
     496.8           0.1510
     492.5           0.1516
     489.0           0.1522
     487.5           0.1524
     482.5           0.1531
     481.3           0.1533
     477.5           0.1539
     473.8           0.1544
     472.5           0.1546
     467.5           0.1554
     466.4           0.1556
     462.5           0.1562
     459.2           0.1567
     457.5           0.1570
     452.5           0.1578
     452.0           0.1579
     447.5           0.1586
     445.0           0.1590
     442.5           0.1594
     438.1           0.1602
     437.5           0.1603
     432.5           0.1611
     431.3           0.1613
     427.5           0.1620
     424.6           0.1625
     422.5           0.1628
     417.9           0.1636
     417.5           0.1637
     412.5           0.1646
     411.3           0.1648
     407.5           0.1654
     404.7           0.1659
     402.5           0.1663
     398.2           0.1671
     397.5           0.1672
     392.5           0.1681
     391.6           0.1682
     387.5           0.1689
     385.1           0.1694
     382.5           0.1698
     378.6           0.1705
     377.5           0.1707
     372.5           0.1716
     372.1           0.1717
     367.5           0.1725
     365.5           0.1728
     362.5           0.1733
     358.7           0.1740
     357.5           0.1742
     352.5           0.1750
     351.8           0.1751
     347.5           0.1758
     344.8           0.1763
     342.5           0.1766
     337.5           0.1774
     337.5           0.1774
     332.5           0.1782
     330.1           0.1786
     327.5           0.1789
     322.5           0.1797
     322.4           0.1797
     317.5           0.1804
     314.6           0.1809
     312.5           0.1811
     307.5           0.1819
     306.6           0.1820
     302.5           0.1826
     298.5           0.1832
     297.5           0.1833
     292.5           0.1840
     290.3           0.1843
     287.5           0.1847
     282.5           0.1854
     282.1           0.1855
     277.5           0.1861
     273.9           0.1866
     272.5           0.1868
     267.5           0.1875
     265.7           0.1878
     262.5           0.1882
     257.5           0.1889
     257.5           0.1889
     252.5           0.1896
     249.5           0.1900
     247.5           0.1903
     242.5           0.1910
     241.5           0.1912
     237.5           0.1917
     233.5           0.1923
     232.5           0.1925
     227.5           0.1932
     225.7           0.1935
     222.5           0.1939
     217.9           0.1946
     217.5           0.1947
     212.5           0.1954
     210.4           0.1958
     207.5           0.1962
     202.8           0.1969
     202.5           0.1970
     197.5           0.1978
     196.0           0.1981
     192.5           0.1987
     189.6           0.1992
     187.5           0.1996
     183.1           0.2004
     182.5           0.2005
     177.5           0.2014
     176.6           0.2015
     172.5           0.2022
     170.2           0.2027
     167.5           0.2031
     163.9           0.2038
     162.5           0.2041
     157.6           0.2050
     157.5           0.2050
     152.5           0.2059
     151.7           0.2061
     147.5           0.2069
     145.9           0.2073
     142.5           0.2079
     140.4           0.2084
     137.5           0.2090
     135.0           0.2096
     132.5           0.2101
     129.9           0.2107
     127.5           0.2112
     125.0           0.2119
     122.5           0.2124
     120.3           0.2130
     117.5           0.2137
     115.9           0.2142
     112.5           0.2150
     111.5           0.2153
     107.5           0.2164
     107.4           0.2165
     103.6           0.2176
     102.5           0.2179
      97.5           0.2183
