 mchi1pm   dm(chi1pm-chi10)            obs     exp-2sigma     exp-1sigma            exp     exp+1sigma     exp+2sigma
     100              0.159     0.15979300     0.07963234     0.11046706     0.16181023     0.24372395     0.35721685
     100              0.259   634.18997134   193.81904317   274.77946504   424.08578584   691.16212007  1125.94957087
     100              0.459     0.00000000     0.00000000     0.00000000     0.00000000     0.00000000     0.00000000
     100              0.559     0.00000000     0.00000000     0.00000000     0.00000000     0.00000000     0.00000000
     100              0.759     0.00000000     0.00000000     0.00000000     0.00000000     0.00000000     0.00000000
     100              0.959     0.00000000     0.00000000     0.00000000     0.00000000     0.00000000     0.00000000
     100              1.259     0.00000000     0.00000000     0.00000000     0.00000000     0.00000000     0.00000000
     100              1.759     0.00000000     0.00000000     0.00000000     0.00000000     0.00000000     0.00000000
     100              3.259     0.00000000     0.00000000     0.00000000     0.00000000     0.00000000     0.00000000
     100              4.259     0.00000000     0.00000000     0.00000000     0.00000000     0.00000000     0.00000000
     100              5.259     0.00000000     0.00000000     0.00000000     0.00000000     0.00000000     0.00000000
     115              0.168     0.27642431     0.13407956     0.18406859     0.27024073     0.40921818     0.60259275
     115              0.268  1338.83079438   395.56364379   564.95648094   888.37132373  1476.22720673  2443.02114026
     115              0.468     0.00000000     0.00000000     0.00000000     0.00000000     0.00000000     0.00000000
     115              0.568     0.00000000     0.00000000     0.00000000     0.00000000     0.00000000     0.00000000
     115              0.768     0.00000000     0.00000000     0.00000000     0.00000000     0.00000000     0.00000000
     115              0.968     0.00000000     0.00000000     0.00000000     0.00000000     0.00000000     0.00000000
     115              1.268     0.00000000     0.00000000     0.00000000     0.00000000     0.00000000     0.00000000
     115              1.768     0.00000000     0.00000000     0.00000000     0.00000000     0.00000000     0.00000000
     115              3.268     0.00000000     0.00000000     0.00000000     0.00000000     0.00000000     0.00000000
     115              4.268     0.00000000     0.00000000     0.00000000     0.00000000     0.00000000     0.00000000
     115              5.268     0.00000000     0.00000000     0.00000000     0.00000000     0.00000000     0.00000000
     140              0.179     0.48381044     0.20591119     0.28471779     0.42515351     0.65558522     0.99909107
     140              0.479     0.00000000     0.00000000     0.00000000     0.00000000     0.00000000     0.00000000
     140              0.579     0.00000000     0.00000000     0.00000000     0.00000000     0.00000000     0.00000000
     140              0.779     0.00000000     0.00000000     0.00000000     0.00000000     0.00000000     0.00000000
     140              0.979     0.00000000     0.00000000     0.00000000     0.00000000     0.00000000     0.00000000
     140              1.279     0.00000000     0.00000000     0.00000000     0.00000000     0.00000000     0.00000000
     140              1.779     0.00000000     0.00000000     0.00000000     0.00000000     0.00000000     0.00000000
     140              3.279     0.00000000     0.00000000     0.00000000     0.00000000     0.00000000     0.00000000
     140              4.279     0.00000000     0.00000000     0.00000000     0.00000000     0.00000000     0.00000000
     140              5.279     0.00000000     0.00000000     0.00000000     0.00000000     0.00000000     0.00000000
     160              0.187     0.74984951     0.28838118     0.40214087     0.60503789     0.94997012     1.46440941
     160              0.487     0.00000000     0.00000000     0.00000000     0.00000000     0.00000000     0.00000000
     160              0.587     0.00000000     0.00000000     0.00000000     0.00000000     0.00000000     0.00000000
     160              0.787     0.00000000     0.00000000     0.00000000     0.00000000     0.00000000     0.00000000
     160              0.987     0.00000000     0.00000000     0.00000000     0.00000000     0.00000000     0.00000000
     160              1.287     0.00000000     0.00000000     0.00000000     0.00000000     0.00000000     0.00000000
     160              1.787     0.00000000     0.00000000     0.00000000     0.00000000     0.00000000     0.00000000
     160              3.287     0.00000000     0.00000000     0.00000000     0.00000000     0.00000000     0.00000000
     160              4.287     0.00000000     0.00000000     0.00000000     0.00000000     0.00000000     0.00000000
     160              5.287     0.00000000     0.00000000     0.00000000     0.00000000     0.00000000     0.00000000
     180              0.193     0.97283911     0.37857001     0.53028409     0.80081384     1.26053325     1.96722905
     180              0.443     0.00000000     0.00000000     0.00000000     0.00000000     0.00000000     0.00000000
     180              0.493     0.00000000     0.00000000     0.00000000     0.00000000     0.00000000     0.00000000
     180              0.593     0.00000000     0.00000000     0.00000000     0.00000000     0.00000000     0.00000000
     180              0.793     0.00000000     0.00000000     0.00000000     0.00000000     0.00000000     0.00000000
     180              0.993     0.00000000     0.00000000     0.00000000     0.00000000     0.00000000     0.00000000
     180              1.293     0.00000000     0.00000000     0.00000000     0.00000000     0.00000000     0.00000000
     180              3.293     0.00000000     0.00000000     0.00000000     0.00000000     0.00000000     0.00000000
     180              4.293     0.00000000     0.00000000     0.00000000     0.00000000     0.00000000     0.00000000
     180              5.293     0.00000000     0.00000000     0.00000000     0.00000000     0.00000000     0.00000000
     200              0.198     1.45645885     0.56803590     0.79226060     1.19185829     1.88086766     2.92971528
     200              0.448     0.00000000     0.00000000     0.00000000     0.00000000     0.00000000     0.00000000
     200              0.498     0.00000000     0.00000000     0.00000000     0.00000000     0.00000000     0.00000000
     200              0.598     0.00000000     0.00000000     0.00000000     0.00000000     0.00000000     0.00000000
     200              0.798     0.00000000     0.00000000     0.00000000     0.00000000     0.00000000     0.00000000
     200              0.998     0.00000000     0.00000000     0.00000000     0.00000000     0.00000000     0.00000000
     200              1.298     0.00000000     0.00000000     0.00000000     0.00000000     0.00000000     0.00000000
     200              3.298     0.00000000     0.00000000     0.00000000     0.00000000     0.00000000     0.00000000
     200              4.298     0.00000000     0.00000000     0.00000000     0.00000000     0.00000000     0.00000000
     200              5.298     0.00000000     0.00000000     0.00000000     0.00000000     0.00000000     0.00000000
     225              0.203     2.01674604     0.73789006     1.03379946     1.56137202     2.47630547     3.87821288
     225              0.503     0.00000000     0.00000000     0.00000000     0.00000000     0.00000000     0.00000000
     225              0.603     0.00000000     0.00000000     0.00000000     0.00000000     0.00000000     0.00000000
     225              0.803     0.00000000     0.00000000     0.00000000     0.00000000     0.00000000     0.00000000
     225              1.003     0.00000000     0.00000000     0.00000000     0.00000000     0.00000000     0.00000000
     225              1.303     0.00000000     0.00000000     0.00000000     0.00000000     0.00000000     0.00000000
     225              1.803     0.00000000     0.00000000     0.00000000     0.00000000     0.00000000     0.00000000
     225              2.303     0.00000000     0.00000000     0.00000000     0.00000000     0.00000000     0.00000000
     225              3.303     0.00000000     0.00000000     0.00000000     0.00000000     0.00000000     0.00000000
     250              0.208     2.96149027     1.05041775     1.47183534     2.22244636     3.51608583     5.51719416
     250              0.408     0.00000000     0.00000000     0.00000000     0.00000000     0.00000000     0.00000000
     250              0.458     0.00000000     0.00000000     0.00000000     0.00000000     0.00000000     0.00000000
     250              0.508     0.00000000     0.00000000     0.00000000     0.00000000     0.00000000     0.00000000
     250              0.608     0.00000000     0.00000000     0.00000000     0.00000000     0.00000000     0.00000000
     250              0.808     0.00000000     0.00000000     0.00000000     0.00000000     0.00000000     0.00000000
     250              1.008     0.00000000     0.00000000     0.00000000     0.00000000     0.00000000     0.00000000
     250              1.308     0.00000000     0.00000000     0.00000000     0.00000000     0.00000000     0.00000000
     250              3.308     0.00000000     0.00000000     0.00000000     0.00000000     0.00000000     0.00000000
     250              4.308     0.00000000     0.00000000     0.00000000     0.00000000     0.00000000     0.00000000
     250              5.308     0.00000000     0.00000000     0.00000000     0.00000000     0.00000000     0.00000000
     300              0.165     0.06558560     0.03371238     0.04688205     0.06959233     0.10732786     0.16192780
     300              0.215     5.67412355     2.06195734     2.90140442     4.39849319     6.97593987    11.02503753
     300              0.415     0.00000000     0.00000000     0.00000000     0.00000000     0.00000000     0.00000000
     300              0.465     0.00000000     0.00000000     0.00000000     0.00000000     0.00000000     0.00000000
     300              0.515     0.00000000     0.00000000     0.00000000     0.00000000     0.00000000     0.00000000
     300              0.615     0.00000000     0.00000000     0.00000000     0.00000000     0.00000000     0.00000000
     300              0.815     0.00000000     0.00000000     0.00000000     0.00000000     0.00000000     0.00000000
     300              1.015     0.00000000     0.00000000     0.00000000     0.00000000     0.00000000     0.00000000
     300              1.315     0.00000000     0.00000000     0.00000000     0.00000000     0.00000000     0.00000000
     300              3.315     0.00000000     0.00000000     0.00000000     0.00000000     0.00000000     0.00000000
     300              4.315     0.00000000     0.00000000     0.00000000     0.00000000     0.00000000     0.00000000
     300              5.315     0.00000000     0.00000000     0.00000000     0.00000000     0.00000000     0.00000000
     400              0.174     0.11511558     0.05557694     0.07750776     0.11661536     0.18215314     0.28051640
     400              0.224    11.82139838     4.16401501     5.91370209     9.03270948    14.57605447    23.13630840
     400              0.424     0.00000000     0.00000000     0.00000000     0.00000000     0.00000000     0.00000000
     500              0.180     0.16187119     0.07502097     0.10554145     0.16002767     0.25379108     0.39748313
     500              0.230    24.99467461     9.05720099    12.74997889    19.32708161    30.88122365    48.96615078
     500              0.430     0.00000000     0.00000000     0.00000000     0.00000000     0.00000000     0.00000000
     500              0.480     0.00000000     0.00000000     0.00000000     0.00000000     0.00000000     0.00000000
     500              0.530     0.00000000     0.00000000     0.00000000     0.00000000     0.00000000     0.00000000
     500              0.630     0.00000000     0.00000000     0.00000000     0.00000000     0.00000000     0.00000000
     500              0.830     0.00000000     0.00000000     0.00000000     0.00000000     0.00000000     0.00000000
     500              1.030     0.00000000     0.00000000     0.00000000     0.00000000     0.00000000     0.00000000
     500              1.330     0.00000000     0.00000000     0.00000000     0.00000000     0.00000000     0.00000000
     500              2.330     0.00000000     0.00000000     0.00000000     0.00000000     0.00000000     0.00000000
     500              3.330     0.00000000     0.00000000     0.00000000     0.00000000     0.00000000     0.00000000
     500              4.330     0.00000000     0.00000000     0.00000000     0.00000000     0.00000000     0.00000000
     500              5.330     0.00000000     0.00000000     0.00000000     0.00000000     0.00000000     0.00000000
     700              0.238    67.89444426    26.18592880    36.94743750    56.80162344    91.20900130   145.33558609
     900              0.142     0.00178420     0.00096460     0.00145005     0.00234951     0.00386681     0.00604399
     900              0.242   179.42366219    68.54183356    96.73827567   148.73396555   242.43500389   393.29956877
    1100              0.145     0.00266637     0.00148778     0.00221636     0.00355720     0.00585621     0.00915014
    1100              0.245   224.26999070    81.40170033   124.09606152   208.48802839   366.39071444   629.70029611
