      mg     mchi            obs     exp-2sigma     exp-1sigma            exp     exp+1sigma     exp+2sigma
    1000        1     0.36455811     0.13396770     0.22782412     0.43411066     0.87019725     1.31675623
    1000      200     0.00111681     0.00058276     0.00081804     0.00122293     0.00189093     0.00284074
    1000      400     0.00203008     0.00101722     0.00147366     0.00228511     0.00365154     0.00563526
    1000      600     0.00450212     0.00203784     0.00298911     0.00474403     0.00773314     0.01228446
    1000      800     0.01646754     0.00801300     0.01183962     0.01916580     0.03215013     0.05236252
    1100      800     0.00805512     0.00341932     0.00501625     0.00795648     0.01309485     0.02099028
    1100      900     0.01685299     0.00797406     0.01173488     0.01891720     0.03172660     0.05208591
    1200        1     0.00000000     0.00000000     0.00000000     0.00000000     0.00000000     0.00000000
    1200      200     0.00086788     0.00045360     0.00063293     0.00095227     0.00147972     0.00224275
    1200      400     0.00138234     0.00074275     0.00105540     0.00161167     0.00253059     0.00384547
    1200      600     0.00219771     0.00102465     0.00152681     0.00245183     0.00407419     0.00647927
    1200      800     0.00443094     0.00207630     0.00307683     0.00492369     0.00825629     0.01328906
    1200      900     0.00767397     0.00341427     0.00497972     0.00786907     0.01295098     0.02084328
    1200     1000     0.01329472     0.00636519     0.00946248     0.01538146     0.02605136     0.04320457
    1300      800     0.00287293     0.00133748     0.00199816     0.00325967     0.00552026     0.00895258
    1300      900     0.00414205     0.00197932     0.00293841     0.00477635     0.00808923     0.01311777
    1300     1000     0.00692354     0.00305329     0.00450463     0.00717455     0.01192564     0.01942424
    1300     1100     0.02052507     0.00959630     0.01396525     0.02215222     0.03679651     0.06042213
    1400        1     0.47807328     0.17414863     0.28405907     0.54398241     1.09464856     1.64958488
    1400      200     0.00073924     0.00038861     0.00054454     0.00082238     0.00128112     0.00193855
    1400      400     0.00117656     0.00063000     0.00088689     0.00134465     0.00208968     0.00316731
    1400      600     0.00156536     0.00078472     0.00115056     0.00182648     0.00297567     0.00466751
    1400      800     0.00206828     0.00094877     0.00144167     0.00238239     0.00407373     0.00662687
    1400      900     0.00321249     0.00143592     0.00218109     0.00360282     0.00616004     0.01017211
    1400     1000     0.00431870     0.00202600     0.00299814     0.00485209     0.00813843     0.01320129
    1400     1100     0.00808065     0.00348464     0.00515170     0.00833534     0.01405431     0.02296850
    1400     1200     0.01298971     0.00618444     0.00915726     0.01480444     0.02496459     0.04110621
    1500      800     0.00195219     0.00097533     0.00146530     0.00239915     0.00406412     0.00661534
    1500      900     0.00229701     0.00105709     0.00160791     0.00265562     0.00451902     0.00737856
    1500     1000     0.00268866     0.00128598     0.00195382     0.00322899     0.00557185     0.00918987
    1500     1100     0.00434255     0.00194151     0.00288738     0.00469486     0.00794986     0.01293958
    1500     1200     0.00838023     0.00372020     0.00551596     0.00882218     0.01480246     0.02410575
    1500     1300     0.01211273     0.00602820     0.00900286     0.01469303     0.02522829     0.04238893
    1600        1     0.93808645     0.28566373     0.47080310     0.96244319     1.93685356     2.91886661
    1600       25     0.00183974     0.00097826     0.00137017     0.00206970     0.00324061     0.00493345
    1600       50     0.00090972     0.00048164     0.00067448     0.00101868     0.00159937     0.00244224
    1600       75     0.00068257     0.00035926     0.00050893     0.00076670     0.00120055     0.00182786
    1600      150     0.00061701     0.00031900     0.00044891     0.00068039     0.00106550     0.00162228
    1600      200     0.00070655     0.00036944     0.00051753     0.00078163     0.00121782     0.00184276
    1600      400     0.00100960     0.00053531     0.00075813     0.00114228     0.00177929     0.00269227
    1600      600     0.00137027     0.00068078     0.00099356     0.00156975     0.00253330     0.00395101
    1600      800     0.00170346     0.00084680     0.00126527     0.00206416     0.00349569     0.00562466
    1600      900     0.00194651     0.00093555     0.00141375     0.00232683     0.00396042     0.00646698
    1600     1000     0.00250503     0.00115800     0.00174892     0.00287627     0.00491810     0.00809068
    1600     1100     0.00307674     0.00144163     0.00216598     0.00354863     0.00606617     0.00997816
    1600     1200     0.00433563     0.00191078     0.00287102     0.00470420     0.00804079     0.01332696
    1600     1300     0.00861874     0.00357747     0.00529365     0.00856196     0.01443608     0.02368577
    1600     1400     0.01789044     0.00796280     0.01189249     0.01939732     0.03347626     0.05602028
    1700       25     0.00183029     0.00098564     0.00137445     0.00206800     0.00323066     0.00492755
    1700       50     0.00088634     0.00048602     0.00068313     0.00102823     0.00161023     0.00245163
    1700       75     0.00072572     0.00037714     0.00052854     0.00079810     0.00124983     0.00190293
    1700      150     0.00061252     0.00032136     0.00045026     0.00068012     0.00106233     0.00162008
    1700      800     0.00140153     0.00069001     0.00103837     0.00168130     0.00282055     0.00452203
    1700      900     0.00179983     0.00086568     0.00130081     0.00213150     0.00361031     0.00587721
    1700     1000     0.00190229     0.00093420     0.00140866     0.00234581     0.00404770     0.00667495
    1700     1100     0.00253081     0.00117149     0.00177950     0.00294131     0.00502676     0.00829919
    1700     1200     0.00320713     0.00147177     0.00223572     0.00369528     0.00637521     0.01051226
    1700     1300     0.00438441     0.00195584     0.00293737     0.00481022     0.00822392     0.01357542
    1700     1400     0.00842271     0.00361708     0.00534848     0.00865128     0.01457689     0.02391958
    1700     1500     0.02166819     0.00937851     0.01408519     0.02306276     0.03979764     0.06612022
    1800        1     0.74380236     0.19180003     0.32841522     0.69146527     1.39162774     2.09717784
    1800       25     0.00198570     0.00104836     0.00146886     0.00221860     0.00346541     0.00528457
    1800       50     0.00096326     0.00052573     0.00073624     0.00111191     0.00174132     0.00265081
    1800       75     0.00068318     0.00036585     0.00051262     0.00077422     0.00121550     0.00186480
    1800      150     0.00061020     0.00032592     0.00045653     0.00068950     0.00107684     0.00164233
    1800      200     0.00064563     0.00033649     0.00047295     0.00071207     0.00111211     0.00167980
    1800      400     0.00092242     0.00049142     0.00068508     0.00103090     0.00159404     0.00240652
    1800      600     0.00116178     0.00059603     0.00086695     0.00134983     0.00215701     0.00334429
    1800      800     0.00144706     0.00071028     0.00106277     0.00171474     0.00284906     0.00456777
    1800      900     0.00148513     0.00072240     0.00109131     0.00179591     0.00306989     0.00499273
    1800     1000     0.00169432     0.00082580     0.00125436     0.00207162     0.00357515     0.00585323
    1800     1100     0.00202003     0.00097194     0.00147359     0.00246345     0.00429088     0.00714251
    1800     1200     0.00275613     0.00130719     0.00197457     0.00324829     0.00558115     0.00924090
    1800     1300     0.00331120     0.00153950     0.00232202     0.00386616     0.00667116     0.01108067
    1800     1400     0.00520316     0.00229510     0.00343046     0.00559322     0.00951822     0.01566519
    1800     1500     0.00687637     0.00290523     0.00429172     0.00688839     0.01155278     0.01896210
    1800     1600     0.01438621     0.00626249     0.00951417     0.01603942     0.02844397     0.04861094
    1900       25     0.00205779     0.00109436     0.00154050     0.00233458     0.00366589     0.00562406
    1900       50     0.00101386     0.00053621     0.00075481     0.00114390     0.00179133     0.00272744
    1900       75     0.00073569     0.00038847     0.00054667     0.00082863     0.00129750     0.00197549
    1900      150     0.00059420     0.00031184     0.00043894     0.00066539     0.00104187     0.00158628
    1900      900     0.00155761     0.00075611     0.00114519     0.00186239     0.00313857     0.00505025
    1900     1000     0.00153056     0.00075633     0.00114881     0.00189918     0.00324602     0.00532056
    1900     1100     0.00166280     0.00083609     0.00127691     0.00211970     0.00365789     0.00603216
    1900     1200     0.00227499     0.00108649     0.00164751     0.00275410     0.00479726     0.00801192
    1900     1300     0.00270230     0.00127295     0.00194605     0.00322890     0.00562236     0.00939171
    1900     1400     0.00000000     0.00000000     0.00000000     0.00000000     0.00000000     0.00000000
    1900     1500     0.00470764     0.00208718     0.00313607     0.00513850     0.00878312     0.01461028
    1900     1600     0.01019634     0.00424056     0.00621582     0.00986630     0.01647217     0.02671851
    1900     1700     0.01638698     0.00781460     0.01166664     0.01903920     0.03225298     0.05369181
    2000        1     5.62658958     1.12032357     1.78321005     3.41431944     6.87063683    10.35419612
    2000       25     0.00000000     0.00000000     0.00000000     0.00000000     0.00000000     0.00000000
    2000       50     0.00095011     0.00051266     0.00072143     0.00109345     0.00171674     0.00263413
    2000       75     0.00072849     0.00039330     0.00055077     0.00083181     0.00129925     0.00198174
    2000      150     0.00057969     0.00030415     0.00043091     0.00064901     0.00101654     0.00154737
    2000      200     0.00064691     0.00034058     0.00047498     0.00071470     0.00111345     0.00168483
    2000      400     0.00086286     0.00046306     0.00064998     0.00097160     0.00149862     0.00225522
    2000      600     0.00113293     0.00058106     0.00083311     0.00128284     0.00203437     0.00312750
    2000      800     0.00131623     0.00066506     0.00099238     0.00157531     0.00258041     0.00404816
    2000     1000     0.00141955     0.00067820     0.00103017     0.00170136     0.00290810     0.00476731
    2000     1100     0.00153388     0.00073162     0.00112475     0.00187370     0.00323300     0.00533325
    2000     1200     0.00171817     0.00085538     0.00128863     0.00214524     0.00370171     0.00619380
    2000     1300     0.00220888     0.00108025     0.00163812     0.00273933     0.00477085     0.00796969
    2000     1400     0.00258360     0.00122150     0.00185246     0.00309856     0.00539568     0.00901097
    2000     1500     0.00314044     0.00145173     0.00221046     0.00371397     0.00646808     0.01088103
    2000     1600     0.00459543     0.00196729     0.00297226     0.00489083     0.00844170     0.01402078
    2000     1700     0.00943242     0.00389217     0.00566982     0.00905927     0.01520071     0.02475233
    2000     1800     0.01655945     0.00716844     0.01077097     0.01764632     0.03045670     0.05149795
    2100       25     0.00220287     0.00116254     0.00164626     0.00248044     0.00389478     0.00597543
    2100       50     0.00102644     0.00055800     0.00078651     0.00118050     0.00184870     0.00281469
    2100       75     0.00073954     0.00040198     0.00056315     0.00085040     0.00133172     0.00202757
    2100      150     0.00058666     0.00030441     0.00043107     0.00064935     0.00101963     0.00154929
    2100     1100     0.00163451     0.00075296     0.00114984     0.00190775     0.00326159     0.00536469
    2100     1200     0.00167293     0.00079753     0.00121577     0.00204222     0.00358834     0.00600541
    2100     1300     0.00211870     0.00100607     0.00153333     0.00257399     0.00450311     0.00754347
    2100     1400     0.00216096     0.00101897     0.00155352     0.00261046     0.00456641     0.00769926
    2100     1500     0.00252887     0.00118308     0.00181699     0.00302888     0.00527469     0.00881037
    2100     1600     0.00336889     0.00153548     0.00234677     0.00389371     0.00678133     0.01128923
    2100     1700     0.00409890     0.00182605     0.00275850     0.00453598     0.00775747     0.01280501
    2100     1800     0.00724779     0.00318088     0.00466056     0.00739841     0.01229377     0.01994471
    2100     1900     0.01442513     0.00593575     0.00902280     0.01490180     0.02571781     0.04303705
    2200        1     0.33506247     0.17729718     0.28804499     0.56038393     1.12781545     1.69967688
    2200       25     0.00239237     0.00132022     0.00184185     0.00277127     0.00432852     0.00660110
    2200       50     0.00105032     0.00056774     0.00079557     0.00120136     0.00187646     0.00286201
    2200       75     0.00075824     0.00040592     0.00057133     0.00086625     0.00135651     0.00207503
    2200      150     0.00056184     0.00029970     0.00041975     0.00063391     0.00099547     0.00151260
    2200      200     0.00059739     0.00030639     0.00043401     0.00065394     0.00102143     0.00155771
    2200      400     0.00080882     0.00041722     0.00058557     0.00087561     0.00135382     0.00203393
    2200      600     0.00103839     0.00053830     0.00076924     0.00116778     0.00182838     0.00278379
    2200      800     0.00117088     0.00060048     0.00088049     0.00139800     0.00227745     0.00357174
    2200     1000     0.00128745     0.00064213     0.00096479     0.00158029     0.00266435     0.00432132
    2200     1200     0.00147432     0.00070282     0.00108056     0.00179940     0.00310546     0.00515783
    2200     1300     0.00175670     0.00085201     0.00130050     0.00215893     0.00374214     0.00623262
    2200     1400     0.00199699     0.00094889     0.00144639     0.00242882     0.00423016     0.00711595
    2200     1500     0.00217392     0.00102917     0.00158175     0.00263626     0.00459168     0.00766810
    2200     1600     0.00225657     0.00105884     0.00162257     0.00273697     0.00480889     0.00818476
    2200     1700     0.00321042     0.00149675     0.00228200     0.00383515     0.00667680     0.01123212
    2200     1800     0.00475381     0.00220775     0.00329942     0.00538161     0.00920070     0.01518917
    2200     1900     0.00737751     0.00302465     0.00447122     0.00723285     0.01225202     0.02009418
    2200     2000     0.01452023     0.00676199     0.01018657     0.01696102     0.02994952     0.05141854
    2300       25     0.00258616     0.00137679     0.00192921     0.00291337     0.00457402     0.00701740
    2300       50     0.00111707     0.00060116     0.00084234     0.00127219     0.00198704     0.00303029
    2300       75     0.00077563     0.00041569     0.00058239     0.00087935     0.00138081     0.00210820
    2300      150     0.00056517     0.00029723     0.00041829     0.00063420     0.00099554     0.00152035
    2300     1300     0.00145309     0.00071948     0.00109865     0.00182284     0.00315935     0.00524478
    2300     1400     0.00165850     0.00079532     0.00122036     0.00205854     0.00360036     0.00605060
    2300     1500     0.00186916     0.00089632     0.00136635     0.00229546     0.00403345     0.00677161
    2300     1600     0.00256765     0.00123037     0.00188995     0.00314931     0.00548502     0.00922687
    2300     1700     0.00291483     0.00137570     0.00209976     0.00348580     0.00606964     0.01010158
    2300     1800     0.00299679     0.00138298     0.00210847     0.00354297     0.00619762     0.01044960
    2300     1900     0.00529463     0.00214299     0.00321609     0.00527208     0.00901022     0.01487847
    2300     2000     0.00867080     0.00343757     0.00511419     0.00830869     0.01406773     0.02324945
    2300     2100     0.01486768     0.00732929     0.01071686     0.01720971     0.02886756     0.04737374
    2400        1     1.69096354     0.62726769     1.06943146     2.19986900     4.42685181     6.67156289
    2400       25     0.00272499     0.00145511     0.00203844     0.00307794     0.00481964     0.00733728
    2400       50     0.00108773     0.00058860     0.00082679     0.00124503     0.00194956     0.00296795
    2400       75     0.00077348     0.00040556     0.00057056     0.00086511     0.00135816     0.00206409
    2400      150     0.00056529     0.00029965     0.00042163     0.00063925     0.00100350     0.00153245
    2400      200     0.00056380     0.00028609     0.00040274     0.00061049     0.00095605     0.00145562
    2400      400     0.00073223     0.00037683     0.00052556     0.00079072     0.00122259     0.00184606
    2400      600     0.00104786     0.00053442     0.00075703     0.00114014     0.00177209     0.00268612
    2400      800     0.00112967     0.00056641     0.00082365     0.00128307     0.00207053     0.00320020
    2400     1000     0.00120403     0.00060143     0.00089983     0.00145134     0.00243477     0.00390352
    2400     1200     0.00125067     0.00061249     0.00093652     0.00155297     0.00268016     0.00441984
    2400     1400     0.00195894     0.00094855     0.00145726     0.00242970     0.00421017     0.00701367
    2400     1500     0.00183501     0.00088159     0.00135337     0.00225609     0.00392774     0.00653731
    2400     1600     0.00188556     0.00090104     0.00138999     0.00235463     0.00415804     0.00704402
    2400     1700     0.00213757     0.00105044     0.00159936     0.00268802     0.00472315     0.00793103
    2400     1800     0.00253080     0.00118858     0.00182339     0.00307444     0.00540434     0.00913385
    2400     1900     0.00358988     0.00171906     0.00258979     0.00431133     0.00751063     0.01263049
    2400     2000     0.00521602     0.00231085     0.00347214     0.00568914     0.00972433     0.01617593
    2400     2100     0.00924295     0.00378758     0.00557486     0.00898317     0.01506720     0.02472579
    2400     2200     0.01838023     0.00784176     0.01187500     0.01987052     0.03491535     0.05981264
    2500       25     0.00292431     0.00155660     0.00218062     0.00329319     0.00517020     0.00793331
    2500       50     0.00120109     0.00062828     0.00088036     0.00132946     0.00208727     0.00320227
    2500       75     0.00078310     0.00041979     0.00059066     0.00089522     0.00140555     0.00215658
    2500      150     0.00056389     0.00029330     0.00041282     0.00062576     0.00098254     0.00149319
    2500     1500     0.00167904     0.00081307     0.00124605     0.00210218     0.00369388     0.00620321
    2500     1600     0.00172377     0.00083683     0.00128405     0.00216598     0.00380581     0.00638896
    2500     1700     0.00203149     0.00096937     0.00148541     0.00250703     0.00440527     0.00749758
    2500     1800     0.00251728     0.00118715     0.00183060     0.00310088     0.00550011     0.00939907
    2500     1900     0.00263440     0.00124951     0.00190445     0.00319786     0.00562004     0.00950029
    2500     2000     0.00349327     0.00171699     0.00258734     0.00430671     0.00750117     0.01261894
    2500     2100     0.00622456     0.00257482     0.00384615     0.00627812     0.01073138     0.01784873
    2500     2200     0.00839215     0.00322077     0.00477136     0.00763335     0.01280473     0.02093294
    2500     2300     0.01683878     0.00771839     0.01164399     0.01917053     0.03322006     0.05613910
    2600        1     7.43912413     1.76637817     3.13313397     7.06610384    14.22029012    21.43063635
    2600       25     0.00294770     0.00156517     0.00219280     0.00331106     0.00519879     0.00797647
    2600       50     0.00123180     0.00066318     0.00092937     0.00140343     0.00219782     0.00334589
    2600       75     0.00082995     0.00043660     0.00061428     0.00093113     0.00145837     0.00223093
    2600      150     0.00058143     0.00030964     0.00043392     0.00065519     0.00102331     0.00156088
    2600      200     0.00059393     0.00030848     0.00043420     0.00065816     0.00102813     0.00156797
    2600      400     0.00072766     0.00036943     0.00051831     0.00077508     0.00120470     0.00180771
    2600      600     0.00095917     0.00048917     0.00068543     0.00103538     0.00160884     0.00243859
    2600      800     0.00102422     0.00052322     0.00075753     0.00117534     0.00187762     0.00289739
    2600     1000     0.00116277     0.00057540     0.00085277     0.00136508     0.00224613     0.00356988
    2600     1200     0.00124756     0.00060231     0.00091495     0.00151226     0.00258502     0.00422013
    2600     1400     0.00133382     0.00064531     0.00099003     0.00166915     0.00293346     0.00492574
    2600     1600     0.00177196     0.00089950     0.00136348     0.00228007     0.00395097     0.00660536
    2600     1700     0.00184889     0.00088752     0.00136960     0.00231982     0.00411438     0.00696226
    2600     1800     0.00226565     0.00107952     0.00166444     0.00281947     0.00504514     0.00854727
    2600     1900     0.00226684     0.00105394     0.00162531     0.00275515     0.00490743     0.00834993
    2600     2000     0.00000000     0.00000000     0.00000000     0.00000000     0.00000000     0.00000000
    2600     2100     0.00361493     0.00157482     0.00241276     0.00407180     0.00715408     0.01217540
    2600     2200     0.00505680     0.00229089     0.00344307     0.00564300     0.00964531     0.01604296
    2600     2300     0.01066462     0.00429478     0.00636485     0.01018077     0.01715916     0.02815798
    2600     2400     0.01763637     0.00808918     0.01208470     0.01971124     0.03370258     0.05666631
    2700       25     0.00319582     0.00168526     0.00236104     0.00356509     0.00558301     0.00849952
    2700       50     0.00121983     0.00063486     0.00088904     0.00134279     0.00210808     0.00321909
    2700       75     0.00079683     0.00041681     0.00058828     0.00088924     0.00139247     0.00211978
    2700      150     0.00060178     0.00031798     0.00044742     0.00067830     0.00106508     0.00161834
    2700     1700     0.00161372     0.00078068     0.00120315     0.00203976     0.00360111     0.00614069
    2700     1800     0.00172297     0.00086284     0.00132266     0.00223147     0.00392198     0.00665250
    2700     1900     0.00220401     0.00106617     0.00164405     0.00278488     0.00493961     0.00844124
    2700     2000     0.00271781     0.00127759     0.00196788     0.00333582     0.00588738     0.01000927
    2700     2100     0.00259553     0.00120996     0.00185924     0.00316264     0.00565828     0.00958621
    2700     2200     0.00365748     0.00173016     0.00261002     0.00434511     0.00756636     0.01268042
    2700     2300     0.00573540     0.00248850     0.00375137     0.00625002     0.01088168     0.01849615
    2700     2400     0.00981327     0.00400059     0.00588259     0.00947989     0.01605075     0.02632646
    2700     2500     0.01819295     0.00878985     0.01293828     0.02083832     0.03546002     0.05923231
    2800        1     1.84376670     0.68709998     1.13596656     2.28391742     4.59616138     6.92692652
    2800       25     0.00328672     0.00172073     0.00241055     0.00363980     0.00571470     0.00876712
    2800       50     0.00129193     0.00068170     0.00095498     0.00144221     0.00225860     0.00343836
    2800       75     0.00083501     0.00044596     0.00062746     0.00095111     0.00149334     0.00229126
    2800      150     0.00059361     0.00031386     0.00043974     0.00066392     0.00104240     0.00158424
    2800      200     0.00057663     0.00029901     0.00041903     0.00063270     0.00099068     0.00150834
    2800      400     0.00067777     0.00035454     0.00049461     0.00074396     0.00115622     0.00175267
    2800      600     0.00089006     0.00044843     0.00062851     0.00094902     0.00147498     0.00223570
    2800      800     0.00105208     0.00053821     0.00076472     0.00116798     0.00183373     0.00278685
    2800     1000     0.00116409     0.00057291     0.00084014     0.00133327     0.00217245     0.00342113
    2800     1200     0.00114181     0.00056114     0.00084318     0.00138188     0.00234021     0.00378065
    2800     1400     0.00130491     0.00063939     0.00096813     0.00161958     0.00279481     0.00464260
    2800     1600     0.00138616     0.00066344     0.00101700     0.00171580     0.00301566     0.00509854
    2800     1800     0.00177786     0.00084620     0.00130361     0.00220999     0.00391924     0.00669859
    2800     1900     0.00200404     0.00093386     0.00144803     0.00246439     0.00440865     0.00746852
    2800     2000     0.00218428     0.00105381     0.00162554     0.00275341     0.00492730     0.00834600
    2800     2100     0.00000000     0.00000000     0.00000000     0.00000000     0.00000000     0.00000000
    2800     2200     0.00344939     0.00159653     0.00246225     0.00417120     0.00736425     0.01247988
    2800     2300     0.00383304     0.00177748     0.00273166     0.00455276     0.00792780     0.01333659
    2800     2400     0.00669166     0.00292327     0.00434565     0.00705649     0.01206715     0.01992258
    2800     2500     0.00000000     0.00000000     0.00000000     0.00000000     0.00000000     0.00000000
    2800     2600     0.01854609     0.00795740     0.01199966     0.01998249     0.03495664     0.05976950
