      mg   mchi10            obs     exp-2sigma     exp-1sigma            exp     exp+1sigma     exp+2sigma
    1000        1    26.24627423     6.15637835    10.11907576    21.30106909    42.86598296    64.59925494
    1000      200     0.00113000     0.00061199     0.00090461     0.00142492     0.00232266     0.00362686
    1000      400     0.00051509     0.00025241     0.00039178     0.00065831     0.00113615     0.00187411
    1000      600     0.00049778     0.00023976     0.00036995     0.00062679     0.00110218     0.00184385
    1000      800     0.00131441     0.00062552     0.00096509     0.00163449     0.00287254     0.00483847
    1100      800     0.00060707     0.00028400     0.00044029     0.00074878     0.00132203     0.00222476
    1100      900     0.00120253     0.00058133     0.00089730     0.00152004     0.00267196     0.00448650
    1200        1    96.74299995     8.78031162    17.27416245    52.27044282   105.19070945   158.52432554
    1200      200     0.00139195     0.00075856     0.00109839     0.00170372     0.00272247     0.00423958
    1200      400     0.00053922     0.00026680     0.00040989     0.00068356     0.00117405     0.00191571
    1200      600     0.00037835     0.00018179     0.00028602     0.00048505     0.00085232     0.00142108
    1200      800     0.00041319     0.00019508     0.00030414     0.00052021     0.00091394     0.00153450
    1200      900     0.00054677     0.00025613     0.00039740     0.00067672     0.00119437     0.00201021
    1200     1000     0.00118637     0.00055814     0.00086101     0.00146015     0.00256452     0.00430638
    1300      800     0.00035419     0.00016661     0.00026000     0.00044441     0.00078119     0.00131148
    1300      900     0.00042683     0.00020058     0.00031109     0.00052948     0.00093012     0.00155649
    1300     1000     0.00056783     0.00026510     0.00041121     0.00070010     0.00123583     0.00207263
    1300     1100     0.00098676     0.00047263     0.00073371     0.00124918     0.00221452     0.00373550
    1400      200     0.00143947     0.00078309     0.00112301     0.00172844     0.00276228     0.00426209
    1400      400     0.00055928     0.00028055     0.00043059     0.00071785     0.00122102     0.00197973
    1400      600     0.00037194     0.00018223     0.00028457     0.00048057     0.00083677     0.00137796
    1400      800     0.00032561     0.00015674     0.00024655     0.00041820     0.00073479     0.00122997
    1400      900     0.00033758     0.00016198     0.00025281     0.00043257     0.00075994     0.00126707
    1400     1000     0.00038160     0.00017927     0.00027967     0.00047790     0.00083952     0.00140961
    1400     1100     0.00049684     0.00023026     0.00035877     0.00061340     0.00108779     0.00182301
    1400     1200     0.00104002     0.00048281     0.00074975     0.00127486     0.00224049     0.00376186
    1500      800     0.00028143     0.00013422     0.00021080     0.00036207     0.00064188     0.00107594
    1500      900     0.00029029     0.00014099     0.00022072     0.00037587     0.00066032     0.00110514
    1500     1000     0.00031649     0.00015052     0.00023494     0.00040163     0.00070590     0.00118512
    1500     1100     0.00036841     0.00017313     0.00026876     0.00045699     0.00080678     0.00134883
    1500     1200     0.00049726     0.00023071     0.00035785     0.00060869     0.00107011     0.00179612
    1500     1300     0.00099286     0.00047240     0.00073332     0.00124691     0.00219171     0.00368032
    1600        1     6.43800734     1.07283270     2.28924904     7.42590324    14.94382135    22.52038629
    1600       25     0.01936483     0.00823758     0.01167910     0.01803037     0.02909742     0.04617961
    1600       50     0.00786782     0.00416514     0.00581045     0.00874235     0.01365751     0.02103026
    1600       75     0.00498524     0.00271371     0.00378393     0.00569351     0.00887092     0.01355485
    1600      150     0.00227293     0.00129339     0.00180419     0.00271397     0.00421866     0.00642594
    1600      200     0.00155474     0.00085446     0.00121351     0.00185350     0.00293202     0.00451691
    1600      400     0.00062552     0.00031948     0.00048930     0.00080206     0.00134634     0.00215757
    1600      600     0.00038605     0.00018651     0.00029336     0.00049749     0.00086631     0.00142661
    1600      800     0.00029242     0.00013885     0.00021800     0.00037434     0.00065760     0.00110415
    1600      900     0.00027901     0.00013449     0.00020995     0.00035892     0.00063375     0.00106284
    1600     1000     0.00028638     0.00013249     0.00020944     0.00036116     0.00064051     0.00107672
    1600     1100     0.00029760     0.00014465     0.00022560     0.00038551     0.00067747     0.00113763
    1600     1200     0.00034932     0.00016635     0.00025832     0.00043935     0.00077253     0.00129700
    1600     1300     0.00050605     0.00023602     0.00036382     0.00061633     0.00108321     0.00181910
    1600     1400     0.00095870     0.00046520     0.00071626     0.00121345     0.00213277     0.00359358
    1700       25     0.01858922     0.01002353     0.01411107     0.02138632     0.03392097     0.05313099
    1700       50     0.00689474     0.00367504     0.00514682     0.00777311     0.01217376     0.01871305
    1700       75     0.00515334     0.00274022     0.00384491     0.00574961     0.00895900     0.01368803
    1700      150     0.00229868     0.00125009     0.00178710     0.00271244     0.00428043     0.00654390
    1700      800     0.00028528     0.00013377     0.00021200     0.00036403     0.00064565     0.00108217
    1700      900     0.00026986     0.00012665     0.00019996     0.00034487     0.00061156     0.00103169
    1700     1000     0.00026741     0.00012507     0.00019761     0.00034070     0.00060435     0.00101259
    1700     1100     0.00027416     0.00013160     0.00020507     0.00035065     0.00061906     0.00104209
    1700     1200     0.00029059     0.00013956     0.00021763     0.00037185     0.00065352     0.00109706
    1700     1300     0.00034311     0.00016240     0.00025158     0.00042853     0.00075333     0.00126447
    1700     1400     0.00049009     0.00022775     0.00035267     0.00060059     0.00105561     0.00177199
    1700     1500     0.00092549     0.00043974     0.00067750     0.00114791     0.00202738     0.00341178
    1800        1    22.86436376     5.56859463    10.84815062    33.15284031    66.71812901   100.54647536
    1800       25     0.01455817     0.00789781     0.01111516     0.01684381     0.02691806     0.04230605
    1800       50     0.00804371     0.00425099     0.00593027     0.00892104     0.01400715     0.02149009
    1800       75     0.00480083     0.00260067     0.00362777     0.00545767     0.00852650     0.01300336
    1800      150     0.00236809     0.00131846     0.00186328     0.00283597     0.00444069     0.00682622
    1800      200     0.00191688     0.00105802     0.00149571     0.00227585     0.00358184     0.00548533
    1800      400     0.00074243     0.00038162     0.00057141     0.00092156     0.00151683     0.00241099
    1800      600     0.00042078     0.00020493     0.00031854     0.00053570     0.00092415     0.00150179
    1800      800     0.00030153     0.00014346     0.00022853     0.00039081     0.00068981     0.00115305
    1800      900     0.00027485     0.00012891     0.00020368     0.00035116     0.00062291     0.00105065
    1800     1000     0.00000000     0.00000000     0.00000000     0.00000000     0.00000000     0.00000000
    1800     1100     0.00026411     0.00012659     0.00019848     0.00034095     0.00060168     0.00100931
    1800     1200     0.00025370     0.00012087     0.00018958     0.00032546     0.00057204     0.00096392
    1800     1300     0.00027110     0.00012912     0.00020140     0.00034452     0.00060819     0.00102356
    1800     1400     0.00033978     0.00015803     0.00024666     0.00042170     0.00074133     0.00124496
    1800     1500     0.00044944     0.00021310     0.00033078     0.00056277     0.00098896     0.00166651
    1800     1600     0.00000000     0.00000000     0.00000000     0.00000000     0.00000000     0.00000000
    1900       25     0.01988867     0.01075944     0.01504949     0.02296034     0.03668850     0.05764967
    1900       50     0.00838499     0.00460589     0.00642624     0.00966953     0.01518027     0.02328848
    1900       75     0.00475901     0.00245987     0.00345633     0.00520395     0.00814936     0.01252772
    1900      150     0.00240390     0.00129571     0.00183284     0.00278837     0.00438846     0.00672168
    1900      900     0.00027776     0.00013012     0.00020542     0.00035455     0.00063132     0.00106043
    1900     1000     0.00025769     0.00012128     0.00019150     0.00033004     0.00058537     0.00098751
    1900     1100     0.00025790     0.00012219     0.00019265     0.00033240     0.00058958     0.00099125
    1900     1200     0.00025859     0.00012458     0.00019566     0.00033578     0.00059029     0.00099104
    1900     1300     0.00024818     0.00011881     0.00018625     0.00031994     0.00056476     0.00094734
    1900     1400     0.00026648     0.00012767     0.00019903     0.00034035     0.00060071     0.00101103
    1900     1500     0.00033877     0.00016313     0.00025257     0.00043007     0.00075540     0.00126009
    1900     1600     0.00047010     0.00021938     0.00034020     0.00057865     0.00101741     0.00170780
    1900     1700     0.00084407     0.00042071     0.00064492     0.00108805     0.00190442     0.00318898
    2000        1     6.05223652     1.34193392     2.33823398     5.20532942    10.47572546    15.78672307
    2000       25     0.02362008     0.01252650     0.01767577     0.02717002     0.04385661     0.07051818
    2000       50     0.00834457     0.00450023     0.00624801     0.00936822     0.01463049     0.02231539
    2000       75     0.00440986     0.00244630     0.00341176     0.00513310     0.00801918     0.01228989
    2000      150     0.00260398     0.00139948     0.00197055     0.00298701     0.00468934     0.00719435
    2000      200     0.00167226     0.00090594     0.00128120     0.00194960     0.00307665     0.00472491
    2000      400     0.00086853     0.00046611     0.00068761     0.00109510     0.00178496     0.00281130
    2000      600     0.00047640     0.00023668     0.00036545     0.00061128     0.00104493     0.00169999
    2000      800     0.00031498     0.00014812     0.00023565     0.00040310     0.00070842     0.00118118
    2000     1000     0.00025936     0.00012228     0.00019288     0.00033287     0.00059029     0.00098916
    2000     1100     0.00024552     0.00011630     0.00018358     0.00031659     0.00056144     0.00094064
    2000     1200     0.00023658     0.00011126     0.00017563     0.00030287     0.00053711     0.00090584
    2000     1300     0.00024976     0.00011937     0.00018744     0.00032191     0.00056808     0.00095639
    2000     1400     0.00024542     0.00011889     0.00018686     0.00031696     0.00055703     0.00093534
    2000     1500     0.00026640     0.00012596     0.00019673     0.00033607     0.00059346     0.00099893
    2000     1600     0.00033762     0.00016113     0.00024821     0.00042052     0.00073905     0.00124106
    2000     1700     0.00044151     0.00020367     0.00031607     0.00053772     0.00094955     0.00159248
    2000     1800     0.00095999     0.00046465     0.00071999     0.00122650     0.00215579     0.00363066
    2100       25     0.02383655     0.01204161     0.01710939     0.02613125     0.04196249     0.06686791
    2100       50     0.00957830     0.00494196     0.00689489     0.01037215     0.01628684     0.02498558
    2100       75     0.00638543     0.00348224     0.00485715     0.00730821     0.01138536     0.01739533
    2100      150     0.00268646     0.00149141     0.00209480     0.00315446     0.00492731     0.00751463
    2100     1100     0.00024612     0.00011537     0.00018219     0.00031427     0.00055727     0.00094015
    2100     1200     0.00023622     0.00011081     0.00017487     0.00030154     0.00053484     0.00090212
    2100     1300     0.00023013     0.00010935     0.00017249     0.00029767     0.00052759     0.00088422
    2100     1400     0.00023464     0.00011069     0.00017636     0.00030162     0.00053234     0.00089593
    2100     1500     0.00023992     0.00011578     0.00018071     0.00030891     0.00054525     0.00091766
    2100     1600     0.00025646     0.00012359     0.00019312     0.00032994     0.00057964     0.00096673
    2100     1700     0.00031962     0.00015296     0.00023916     0.00040361     0.00071262     0.00119139
    2100     1800     0.00044051     0.00020348     0.00031516     0.00053674     0.00094326     0.00158328
    2100     1900     0.00084376     0.00041342     0.00063705     0.00108069     0.00190632     0.00320944
    2200        1     0.64182492     0.09831511     0.21092500     0.69900400     1.40664656     2.11994533
    2200       25     0.02700231     0.01495534     0.02119936     0.03270877     0.05279165     0.08377745
    2200       50     0.00907313     0.00476855     0.00665020     0.01000429     0.01574911     0.02434861
    2200       75     0.00563879     0.00303351     0.00423173     0.00636657     0.00994435     0.01531311
    2200      150     0.00277750     0.00148522     0.00210327     0.00316762     0.00496133     0.00755225
    2200      200     0.00203454     0.00109958     0.00154776     0.00234645     0.00366500     0.00558927
    2200      400     0.00088725     0.00047409     0.00069507     0.00110325     0.00179831     0.00280796
    2200      600     0.00051271     0.00025525     0.00039171     0.00065304     0.00110553     0.00179282
    2200      800     0.00034113     0.00016294     0.00025772     0.00043916     0.00077153     0.00127787
    2200     1000     0.00026742     0.00012563     0.00019836     0.00034186     0.00060634     0.00101628
    2200     1200     0.00023153     0.00010905     0.00017218     0.00029696     0.00052661     0.00088838
    2200     1300     0.00022663     0.00010723     0.00016934     0.00029210     0.00051789     0.00087356
    2200     1400     0.00023293     0.00011077     0.00017470     0.00030145     0.00053219     0.00089253
    2200     1500     0.00022723     0.00010703     0.00016898     0.00029145     0.00051683     0.00087188
    2200     1600     0.00023431     0.00011249     0.00017527     0.00029966     0.00052907     0.00088754
    2200     1700     0.00026011     0.00012336     0.00019267     0.00032915     0.00058123     0.00097166
    2200     1800     0.00031552     0.00015049     0.00023300     0.00039675     0.00069687     0.00117015
    2200     1900     0.00044402     0.00020657     0.00032051     0.00054578     0.00095893     0.00160473
    2200     2000     0.00087922     0.00041235     0.00063840     0.00108710     0.00191066     0.00320792
    2300       25     0.01805895     0.01001767     0.01409768     0.02137555     0.03414999     0.05366790
    2300       50     0.01047648     0.00545569     0.00761078     0.01145112     0.01793582     0.02756579
    2300       75     0.00592273     0.00309129     0.00431007     0.00648572     0.01015443     0.01560904
    2300      150     0.00254968     0.00143242     0.00199737     0.00300607     0.00467037     0.00707987
    2300     1300     0.00023120     0.00010892     0.00017194     0.00029652     0.00052584     0.00088684
    2300     1400     0.00021212     0.00010104     0.00015953     0.00027494     0.00048765     0.00082267
    2300     1500     0.00021683     0.00010299     0.00016262     0.00028027     0.00049710     0.00083318
    2300     1600     0.00021524     0.00010137     0.00016009     0.00027615     0.00048961     0.00082309
    2300     1700     0.00024185     0.00011666     0.00018174     0.00031071     0.00054877     0.00091722
    2300     1800     0.00026290     0.00012472     0.00019450     0.00033267     0.00058733     0.00098511
    2300     1900     0.00031781     0.00015088     0.00023370     0.00039802     0.00069936     0.00117456
    2300     2000     0.00041915     0.00019677     0.00030476     0.00051903     0.00091214     0.00153105
    2300     2100     0.00090715     0.00044302     0.00068212     0.00115561     0.00202174     0.00338714
    2400       25     0.02579042     0.01352439     0.01929089     0.02958996     0.04751253     0.07505001
    2400       50     0.01265903     0.00639818     0.00896431     0.01353444     0.02125001     0.03291778
    2400       75     0.00659956     0.00351958     0.00493943     0.00738593     0.01153625     0.01776719
    2400      150     0.00285733     0.00153465     0.00214138     0.00322180     0.00503224     0.00767435
    2400      200     0.00191023     0.00108824     0.00153198     0.00232209     0.00363694     0.00556355
    2400      400     0.00105592     0.00055377     0.00080915     0.00126560     0.00204195     0.00319895
    2400      600     0.00054550     0.00027709     0.00042621     0.00070167     0.00118807     0.00190438
    2400      800     0.00037002     0.00017593     0.00027458     0.00046938     0.00081768     0.00135616
    2400     1000     0.00027804     0.00013072     0.00020639     0.00035597     0.00063124     0.00105785
    2400     1200     0.00023162     0.00010766     0.00017098     0.00029617     0.00052511     0.00088563
    2400     1400     0.00022819     0.00010567     0.00016783     0.00029075     0.00051794     0.00087285
    2400     1500     0.00021580     0.00010177     0.00016046     0.00027686     0.00049108     0.00082841
    2400     1600     0.00021850     0.00010260     0.00016347     0.00027958     0.00049566     0.00083330
    2400     1700     0.00021785     0.00010286     0.00016248     0.00028030     0.00049694     0.00083281
    2400     1800     0.00022437     0.00010722     0.00016812     0.00028880     0.00050964     0.00085492
    2400     1900     0.00025841     0.00012409     0.00019346     0.00033054     0.00058094     0.00097560
    2400     2000     0.00029716     0.00014201     0.00022000     0.00037473     0.00065548     0.00109793
    2400     2100     0.00043658     0.00020186     0.00031311     0.00053309     0.00093638     0.00157229
    2400     2200     0.00091855     0.00044111     0.00067983     0.00115337     0.00201743     0.00336671
    2500       25     0.02492315     0.01081099     0.01547694     0.02407285     0.03923539     0.06338684
    2500       50     0.00935885     0.00474927     0.00665374     0.01004705     0.01577411     0.02443453
    2500       75     0.00529052     0.00290054     0.00404428     0.00608450     0.00955390     0.01465748
    2500      150     0.00273500     0.00140735     0.00199954     0.00305379     0.00483139     0.00744230
    2500     1500     0.00021906     0.00010205     0.00016209     0.00028102     0.00049836     0.00084326
    2500     1600     0.00021439     0.00010034     0.00015934     0.00027621     0.00048967     0.00082601
    2500     1700     0.00021247     0.00010153     0.00015941     0.00027375     0.00048342     0.00081345
    2500     1800     0.00021706     0.00010425     0.00016368     0.00028107     0.00049604     0.00083215
    2500     1900     0.00023730     0.00011329     0.00017763     0.00030514     0.00053615     0.00090003
    2500     2000     0.00025567     0.00012309     0.00019371     0.00032852     0.00057721     0.00096909
    2500     2100     0.00031708     0.00015262     0.00023690     0.00039817     0.00069658     0.00115853
    2500     2200     0.00045844     0.00021156     0.00032815     0.00055870     0.00098137     0.00163679
    2500     2300     0.00087734     0.00042614     0.00065675     0.00111422     0.00194018     0.00323990
    2600       25     0.02542978     0.01373821     0.01930212     0.02955982     0.04770995     0.07604424
    2600       50     0.00980053     0.00544772     0.00762859     0.01152109     0.01817991     0.02805641
    2600       75     0.00698590     0.00354371     0.00494331     0.00743551     0.01164398     0.01789986
    2600      150     0.00296818     0.00165372     0.00231568     0.00349775     0.00546353     0.00833242
    2600      200     0.00224452     0.00121879     0.00171564     0.00260045     0.00406172     0.00619461
    2600      400     0.00109975     0.00057562     0.00084179     0.00131554     0.00212337     0.00331130
    2600      600     0.00062754     0.00030994     0.00047435     0.00077766     0.00130511     0.00209196
    2600      800     0.00040936     0.00019074     0.00030377     0.00051905     0.00091242     0.00151103
    2600     1000     0.00028954     0.00013336     0.00021183     0.00036699     0.00065063     0.00109763
    2600     1200     0.00024052     0.00010972     0.00017564     0.00030560     0.00054674     0.00092327
    2600     1400     0.00021776     0.00009954     0.00015931     0.00027715     0.00049604     0.00083482
    2600     1600     0.00020574     0.00009704     0.00015315     0.00026408     0.00046816     0.00078983
    2600     1700     0.00020767     0.00009828     0.00015652     0.00026744     0.00047434     0.00079772
    2600     1800     0.00020927     0.00009851     0.00015547     0.00026808     0.00047549     0.00080201
    2600     1900     0.00021960     0.00010538     0.00016544     0.00028409     0.00049906     0.00083795
    2600     2000     0.00021933     0.00010456     0.00016413     0.00028182     0.00049740     0.00083713
    2600     2100     0.00023444     0.00011337     0.00017751     0.00030231     0.00053128     0.00089176
    2600     2200     0.00030163     0.00014556     0.00022591     0.00037988     0.00066763     0.00110598
    2600     2300     0.00043552     0.00020321     0.00031316     0.00053049     0.00093264     0.00154956
    2600     2400     0.00091977     0.00043774     0.00067939     0.00114244     0.00199895     0.00334887
    2700       25     0.03634314     0.02031845     0.02851713     0.04335900     0.06928366     0.10983955
    2700       50     0.01142278     0.00610742     0.00851698     0.01281603     0.02011630     0.03086631
    2700       75     0.00744131     0.00388964     0.00542534     0.00816469     0.01275399     0.01945117
    2700      150     0.00313009     0.00165378     0.00233148     0.00349833     0.00547932     0.00842196
    2700     1700     0.00021192     0.00010013     0.00015803     0.00027249     0.00048307     0.00081499
    2700     1800     0.00020830     0.00009845     0.00015543     0.00026826     0.00047562     0.00080217
    2700     1900     0.00020783     0.00009881     0.00015602     0.00026889     0.00047691     0.00079934
    2700     2000     0.00021220     0.00010134     0.00015905     0.00027309     0.00048211     0.00081132
    2700     2100     0.00021897     0.00010408     0.00016343     0.00028044     0.00049517     0.00083051
    2700     2200     0.00023731     0.00011469     0.00017970     0.00030576     0.00053752     0.00089931
    2700     2300     0.00030091     0.00014485     0.00022374     0.00037894     0.00066303     0.00110232
    2700     2400     0.00039293     0.00018189     0.00028216     0.00047998     0.00084376     0.00141663
    2700     2500     0.00090279     0.00044361     0.00067968     0.00114664     0.00199625     0.00333486
    2800        1     2.95641340     0.60648808     1.25271754     3.98234587     8.01393651    12.07749303
    2800       25     0.05349624     0.02053378     0.02910528     0.04492474     0.07322329     0.11929510
    2800       50     0.00925036     0.00509819     0.00714003     0.01078710     0.01701964     0.02626144
    2800       75     0.00688643     0.00335454     0.00469982     0.00709623     0.01114287     0.01709497
    2800      150     0.00300342     0.00165640     0.00230968     0.00347463     0.00539996     0.00822489
    2800      200     0.00254848     0.00139153     0.00197114     0.00296867     0.00464943     0.00707834
    2800      400     0.00118005     0.00062631     0.00090653     0.00140668     0.00224735     0.00349996
    2800      600     0.00064741     0.00032395     0.00049005     0.00079700     0.00133027     0.00211562
    2800      800     0.00044272     0.00020716     0.00032619     0.00055256     0.00096229     0.00158502
    2800     1000     0.00030678     0.00014360     0.00022647     0.00039079     0.00069303     0.00116130
    2800     1200     0.00025334     0.00011858     0.00018723     0.00032269     0.00057511     0.00096899
    2800     1400     0.00023176     0.00010882     0.00017174     0.00029613     0.00052747     0.00088570
    2800     1600     0.00020563     0.00009726     0.00015361     0.00026500     0.00047007     0.00079293
    2800     1800     0.00021069     0.00009875     0.00015611     0.00026916     0.00047947     0.00080525
    2800     1900     0.00020039     0.00009335     0.00014827     0.00025706     0.00045587     0.00076891
    2800     2000     0.00019654     0.00009347     0.00014763     0.00025469     0.00044960     0.00075682
    2800     2100     0.00020805     0.00009975     0.00015653     0.00026872     0.00047424     0.00079293
    2800     2200     0.00021967     0.00010646     0.00016611     0.00028389     0.00049877     0.00083469
    2800     2300     0.00023729     0.00011404     0.00017927     0.00030402     0.00053408     0.00089387
    2800     2400     0.00029379     0.00014212     0.00021899     0.00037150     0.00065241     0.00108458
    2800     2500     0.00042056     0.00019509     0.00030064     0.00050928     0.00089534     0.00149292
    2800     2600     0.00087625     0.00042683     0.00065782     0.00111603     0.00195211     0.00326900
