# Contour T6btLL_ctau200, ObsPlus
#    mstop     mchi10
     462.0        0.0
     475.0        8.9
     500.0       18.9
     525.0       23.4
     541.0       25.0
     550.0       28.6
     575.0       35.8
     600.0       41.5
     625.0       45.8
     650.0       48.6
     670.2       50.0
     675.0       52.0
     700.0       59.5
     725.0       64.9
     750.0       68.6
     775.0       71.4
     800.0       73.3
     825.0       74.7
     832.8       75.0
     850.0       79.5
     875.0       84.3
     900.0       88.0
     925.0       90.8
     950.0       93.3
     975.0       95.5
    1000.0       97.5
    1025.0       99.2
    1037.7      100.0
    1050.0      103.2
    1075.0      108.6
    1100.0      113.2
    1125.0      117.4
    1150.0      121.4
    1171.5      125.0
    1175.0      126.6
    1200.0      137.4
    1225.0      147.2
    1233.2      150.0
    1250.0      162.0
    1272.8      175.0
    1275.0      177.3
    1300.0      198.6
    1302.0      200.0
    1324.4      225.0
    1325.0      226.0
    1342.9      250.0
    1350.0      262.4
    1358.5      275.0
    1372.4      300.0
    1375.0      305.3
    1386.1      325.0
    1399.0      350.0
    1400.0      352.1
    1412.7      375.0
    1425.0      399.5
    1425.3      400.0
    1437.9      425.0
    1449.2      450.0
    1450.0      452.0
    1461.0      475.0
    1472.2      500.0
    1475.0      506.5
    1484.0      525.0
    1495.2      550.0
    1500.0      562.0
    1506.1      575.0
    1516.5      600.0
    1525.0      622.3
    1526.1      625.0
    1535.6      650.0
    1544.1      675.0
    1550.0      694.6
    1551.9      700.0
    1559.6      725.0
    1566.3      750.0
    1572.1      775.0
    1575.0      789.5
    1577.4      800.0
    1582.5      825.0
    1587.3      850.0
    1592.0      875.0
    1596.5      900.0
    1600.0      920.7
    1600.9      925.0
    1605.3      950.0
    1609.1      975.0
    1611.9     1000.0
    1613.9     1025.0
    1615.2     1050.0
    1615.6     1075.0
    1615.4     1100.0
    1614.4     1125.0
    1612.8     1150.0
    1610.0     1175.0
    1605.5     1200.0
    1600.0     1218.0
    1598.0     1225.0
    1585.6     1250.0
    1575.0     1262.4
    1561.3     1275.0
    1550.0     1281.8
    1525.0     1296.6
    1519.6     1300.0
    1500.0     1312.2
    1488.5     1325.0
    1475.4     1350.0
    1475.0     1351.5
    1471.1     1375.0
    1469.5     1400.0
    1450.0     1425.0
    1425.0     1400.0
    1400.0     1375.0
    1375.0     1350.0
    1350.0     1325.0
    1325.0     1300.0
    1300.0     1275.0
    1275.0     1250.0
    1250.0     1225.0
    1225.0     1200.0
    1200.0     1175.0
    1175.0     1150.0
    1150.0     1125.0
    1125.0     1100.0
    1100.0     1075.0
    1075.0     1050.0
    1050.0     1025.0
    1025.0     1000.0
    1000.0      975.0
     975.0      950.0
     950.0      925.0
     925.0      900.0
     900.0      875.0
     875.0      850.0
     850.0      825.0
     825.0      800.0
     800.0      775.0
     775.0      750.0
     750.0      725.0
     725.0      700.0
     700.0      675.0
     675.0      650.0
     650.0      625.0
     625.0      600.0
     600.0      575.0
     575.0      550.0
     550.0      525.0
     525.0      500.0
     500.0      475.0
     475.0      450.0
     450.0      425.0
     425.0      400.0
     400.0      375.0
     400.0      375.0
