   mstop     mchi            obs     exp-2sigma     exp-1sigma            exp     exp+1sigma     exp+2sigma
     400        1     0.17336353     0.05357840     0.08760130     0.16521029     0.33250487     0.50108680
     400       50     0.00067866     0.00034729     0.00048870     0.00074101     0.00114561     0.00171258
     400      100     0.00082167     0.00043477     0.00061581     0.00092785     0.00143100     0.00212095
     400      150     0.00151600     0.00076464     0.00106820     0.00159144     0.00242247     0.00354559
     400      200     0.00216291     0.00113770     0.00159259     0.00238791     0.00365474     0.00541657
     400      217     0.00296882     0.00146547     0.00205584     0.00307462     0.00467854     0.00688589
     400      233     0.00330677     0.00160664     0.00226540     0.00339882     0.00522840     0.00776277
     400      250     0.00372534     0.00191793     0.00271687     0.00409143     0.00631097     0.00940084
     400      300     0.00635218     0.00331360     0.00470647     0.00719056     0.01126270     0.01697611
     400      315     0.00362534     0.00167865     0.00240426     0.00370115     0.00582653     0.00883726
     450        1     0.29418756     0.09184174     0.14795659     0.26715272     0.52267344     0.81002240
     450       50     0.00056973     0.00029550     0.00041587     0.00063059     0.00098003     0.00147084
     450      100     0.00068844     0.00036074     0.00050612     0.00075692     0.00116392     0.00172831
     450      150     0.00100258     0.00051764     0.00072590     0.00108559     0.00167013     0.00247954
     450      200     0.00152785     0.00080670     0.00112694     0.00167941     0.00256923     0.00378824
     450      250     0.00246330     0.00126091     0.00177642     0.00266672     0.00410179     0.00608999
     450      267     0.00269724     0.00142625     0.00201075     0.00301689     0.00462884     0.00686639
     450      283     0.00308997     0.00155180     0.00218264     0.00330804     0.00511490     0.00764607
     450      300     0.00336787     0.00174455     0.00249251     0.00378295     0.00587887     0.00882139
     450      350     0.00947671     0.00445604     0.00628275     0.00943242     0.01458593     0.02190935
     450      365     0.00373803     0.00167423     0.00239865     0.00369296     0.00587267     0.00901506
     500        1     0.43748844     0.13466336     0.24306402     0.49979537     1.00588844     1.51600130
     500       50     0.00046942     0.00024719     0.00034777     0.00052732     0.00082363     0.00124411
     500      100     0.00056472     0.00028189     0.00039925     0.00060144     0.00093701     0.00140389
     500      150     0.00077096     0.00039620     0.00055611     0.00083173     0.00127897     0.00190886
     500      200     0.00116876     0.00060186     0.00084481     0.00126314     0.00193783     0.00288169
     500      250     0.00158294     0.00078190     0.00110724     0.00166860     0.00257991     0.00384663
     500      300     0.00238037     0.00121462     0.00170910     0.00259024     0.00402478     0.00604005
     500      317     0.00266950     0.00135458     0.00192702     0.00291510     0.00454173     0.00680504
     500      333     0.00329364     0.00161003     0.00227871     0.00343430     0.00532349     0.00800255
     500      350     0.00366094     0.00177315     0.00253234     0.00388004     0.00610922     0.00926573
     500      400     0.00676985     0.00317493     0.00450490     0.00688485     0.01083476     0.01651464
     500      415     0.00320804     0.00148808     0.00215141     0.00334012     0.00533597     0.00823289
     550        1     0.43461676     0.07857951     0.16377713     0.46795860     0.94169756     1.41920633
     550       50     0.00043394     0.00022155     0.00031309     0.00047651     0.00074817     0.00113691
     550      100     0.00048516     0.00024323     0.00034240     0.00051883     0.00081053     0.00122421
     550      150     0.00066464     0.00033685     0.00047282     0.00070678     0.00109300     0.00162942
     550      200     0.00087292     0.00043442     0.00061271     0.00091925     0.00142150     0.00212465
     550      250     0.00121934     0.00061147     0.00086205     0.00129367     0.00200046     0.00299019
     550      300     0.00177065     0.00083998     0.00118719     0.00180644     0.00281347     0.00421543
     550      350     0.00252319     0.00121380     0.00170798     0.00258992     0.00402376     0.00603834
     550      367     0.00277693     0.00138633     0.00197038     0.00300799     0.00470025     0.00709851
     550      383     0.00280965     0.00133922     0.00192965     0.00298158     0.00474157     0.00727749
     550      400     0.00333017     0.00158253     0.00224806     0.00343686     0.00539280     0.00819716
     550      450     0.00505816     0.00247149     0.00358006     0.00555245     0.00887337     0.01382115
     550      465     0.00315567     0.00143269     0.00205898     0.00321481     0.00513939     0.00800208
     600        1     0.47110155     0.19474671     0.32977109     0.61577054     1.23450864     1.86771364
     600       50     0.00041434     0.00021083     0.00029801     0.00045361     0.00071396     0.00108288
     600      100     0.00041348     0.00020643     0.00029174     0.00044399     0.00069525     0.00105331
     600      150     0.00053657     0.00027052     0.00037901     0.00057226     0.00088719     0.00133372
     600      200     0.00075873     0.00037114     0.00051966     0.00078502     0.00121384     0.00181867
     600      250     0.00092168     0.00047236     0.00066730     0.00100832     0.00156271     0.00234936
     600      300     0.00126448     0.00063016     0.00089110     0.00135540     0.00210631     0.00316120
     600      350     0.00186469     0.00090394     0.00127326     0.00192926     0.00300623     0.00450418
     600      400     0.00225375     0.00109808     0.00156815     0.00240425     0.00377359     0.00573564
     600      417     0.00293164     0.00146031     0.00207703     0.00314088     0.00490515     0.00740948
     600      433     0.00326144     0.00154383     0.00222450     0.00343813     0.00545119     0.00837953
     600      450     0.00297756     0.00150727     0.00217306     0.00335669     0.00533556     0.00818983
     600      500     0.00710391     0.00314092     0.00454745     0.00705164     0.01132824     0.01749604
     600      515     0.00285553     0.00126657     0.00184228     0.00286704     0.00462642     0.00721712
     650        1     0.68184748     0.27622650     0.43930714     0.78568011     1.54976146     2.38240404
     650       50     0.00038517     0.00019798     0.00027995     0.00042587     0.00067037     0.00102661
     650      100     0.00040191     0.00020139     0.00028358     0.00042974     0.00067136     0.00101891
     650      150     0.00047988     0.00023557     0.00033357     0.00050246     0.00078283     0.00118448
     650      200     0.00059011     0.00029241     0.00041233     0.00061871     0.00095931     0.00144204
     650      250     0.00081842     0.00040456     0.00056660     0.00085598     0.00132671     0.00199454
     650      300     0.00104026     0.00050689     0.00071293     0.00108104     0.00168856     0.00255032
     650      350     0.00138968     0.00066747     0.00094382     0.00143560     0.00224257     0.00338680
     650      400     0.00180329     0.00086355     0.00122581     0.00187280     0.00293419     0.00446612
     650      450     0.00217082     0.00110972     0.00158914     0.00244742     0.00387228     0.00590733
     650      467     0.00309683     0.00147624     0.00211704     0.00325648     0.00516575     0.00786892
     650      483     0.00334554     0.00163130     0.00233789     0.00360053     0.00571108     0.00878013
     650      500     0.00368410     0.00174194     0.00251947     0.00391102     0.00625029     0.00955397
     650      550     0.00485188     0.00232708     0.00339682     0.00537408     0.00875570     0.01390670
     650      565     0.00255838     0.00113734     0.00168410     0.00269507     0.00447717     0.00712065
     700        1     1.45845394     0.62577365     0.97448268     1.80002825     3.62235247     5.45894612
     700       50     0.00039866     0.00020292     0.00028690     0.00043658     0.00069233     0.00106444
     700      100     0.00035518     0.00017489     0.00024716     0.00037613     0.00059054     0.00089742
     700      150     0.00042065     0.00020895     0.00029412     0.00044577     0.00069807     0.00105254
     700      200     0.00052040     0.00026254     0.00036997     0.00055546     0.00086305     0.00129539
     700      250     0.00066581     0.00032903     0.00046391     0.00069626     0.00108218     0.00163235
     700      300     0.00098152     0.00046009     0.00065016     0.00098942     0.00154524     0.00233436
     700      350     0.00000000     0.00000000     0.00000000     0.00000000     0.00000000     0.00000000
     700      400     0.00128614     0.00059979     0.00085947     0.00132373     0.00209402     0.00319480
     700      450     0.00161829     0.00077746     0.00112594     0.00174633     0.00279042     0.00426747
     700      500     0.00232562     0.00107836     0.00155907     0.00242027     0.00386613     0.00602099
     700      517     0.00262238     0.00124786     0.00177867     0.00275461     0.00440291     0.00676454
     700      533     0.00279892     0.00135530     0.00196256     0.00304735     0.00486637     0.00751072
     700      550     0.00290422     0.00141581     0.00204884     0.00317876     0.00508012     0.00787543
     700      600     0.00536379     0.00244002     0.00363611     0.00584223     0.00974945     0.01563421
     700      615     0.00269720     0.00121012     0.00175765     0.00276750     0.00451024     0.00710305
     750        1     0.68220827     0.19117784     0.32627352     0.65229778     1.31282095     1.97832920
     750       50     0.00037181     0.00018894     0.00026716     0.00040653     0.00064142     0.00098049
     750      100     0.00032349     0.00016397     0.00023083     0.00034985     0.00054930     0.00083479
     750      150     0.00041736     0.00020276     0.00028546     0.00043266     0.00067756     0.00102651
     750      200     0.00047764     0.00023882     0.00033654     0.00050527     0.00078507     0.00118409
     750      250     0.00057742     0.00029468     0.00041126     0.00061850     0.00095633     0.00144034
     750      300     0.00075533     0.00036688     0.00051883     0.00078969     0.00123642     0.00186440
     750      350     0.00095214     0.00046090     0.00065259     0.00098331     0.00153606     0.00231968
     750      400     0.00111436     0.00052842     0.00076456     0.00118608     0.00189516     0.00289788
     750      450     0.00122575     0.00060749     0.00087595     0.00136390     0.00217911     0.00337742
     750      500     0.00161047     0.00075966     0.00109390     0.00168974     0.00268059     0.00412064
     750      550     0.00262861     0.00120243     0.00175031     0.00272689     0.00439983     0.00680050
     750      567     0.00282199     0.00130101     0.00189302     0.00294834     0.00475713     0.00742000
     750      583     0.00322107     0.00152577     0.00219346     0.00342451     0.00550060     0.00853649
     750      600     0.00350770     0.00166590     0.00244194     0.00387330     0.00631179     0.00998504
     750      650     0.00661414     0.00287442     0.00413337     0.00645445     0.01052097     0.01671174
     750      665     0.00322653     0.00143018     0.00206700     0.00323980     0.00522720     0.00822554
     800        1     0.31409334     0.08503837     0.14727412     0.30637817     0.61652820     0.92924996
     800       50     0.00041663     0.00021368     0.00030201     0.00045956     0.00072511     0.00110858
     800      100     0.00032776     0.00016196     0.00022894     0.00034844     0.00054696     0.00083127
     800      150     0.00038133     0.00018575     0.00026135     0.00039621     0.00061884     0.00093465
     800      200     0.00042737     0.00020848     0.00029351     0.00044478     0.00069305     0.00104860
     800      250     0.00053786     0.00027047     0.00038318     0.00057719     0.00089687     0.00135959
     800      300     0.00064886     0.00031069     0.00043922     0.00066827     0.00104659     0.00159360
     800      350     0.00077894     0.00037925     0.00053841     0.00082267     0.00129154     0.00196259
     800      400     0.00101843     0.00048368     0.00069066     0.00105905     0.00166681     0.00255238
     800      450     0.00124988     0.00055811     0.00081527     0.00127489     0.00205734     0.00317981
     800      500     0.00132377     0.00063214     0.00091948     0.00143266     0.00231181     0.00357408
     800      550     0.00146958     0.00073272     0.00106941     0.00169174     0.00275564     0.00434113
     800      600     0.00205494     0.00096122     0.00141039     0.00223686     0.00364500     0.00574261
     800      617     0.00269242     0.00124467     0.00180136     0.00279570     0.00451129     0.00703565
     800      633     0.00307078     0.00149216     0.00215317     0.00337758     0.00547775     0.00862384
     800      650     0.00328835     0.00144231     0.00211416     0.00335615     0.00552269     0.00870626
     800      700     0.00463466     0.00200914     0.00302077     0.00489345     0.00821065     0.01331584
     800      715     0.00263968     0.00127365     0.00187829     0.00299238     0.00497424     0.00797222
     850        1     1.23827727     0.27338589     0.52320403     1.27265846     2.56112117     3.85956551
     850       50     0.00040286     0.00020870     0.00029364     0.00044520     0.00070248     0.00107391
     850      100     0.00033266     0.00016693     0.00023492     0.00035605     0.00055758     0.00084895
     850      150     0.00032488     0.00015706     0.00022199     0.00033771     0.00053034     0.00080584
     850      200     0.00041600     0.00020474     0.00028830     0.00043689     0.00068430     0.00103659
     850      250     0.00052823     0.00025483     0.00035928     0.00053909     0.00083791     0.00126992
     850      300     0.00065486     0.00030340     0.00042937     0.00064690     0.00101058     0.00152640
     850      350     0.00066580     0.00031288     0.00044582     0.00067887     0.00106601     0.00162780
     850      400     0.00081250     0.00038507     0.00055222     0.00085022     0.00135169     0.00207479
     850      450     0.00107700     0.00047550     0.00068828     0.00106809     0.00169812     0.00260632
     850      500     0.00114067     0.00051622     0.00076600     0.00122497     0.00201595     0.00315038
     850      550     0.00137451     0.00064754     0.00093712     0.00145294     0.00232169     0.00358358
     850      600     0.00189766     0.00086212     0.00126066     0.00197103     0.00321168     0.00501429
     850      650     0.00233808     0.00100646     0.00148425     0.00236462     0.00389311     0.00616041
     850      667     0.00283966     0.00121927     0.00177926     0.00281186     0.00462686     0.00729377
     850      683     0.00274653     0.00123582     0.00180264     0.00285114     0.00464648     0.00731760
     850      700     0.00000000     0.00000000     0.00000000     0.00000000     0.00000000     0.00000000
     850      750     0.00619225     0.00238163     0.00352810     0.00564694     0.00938199     0.01503879
     850      765     0.00298699     0.00120375     0.00177653     0.00283037     0.00470087     0.00747530
     900        1     4.35535332     0.64909417     1.26451776     3.86463563     7.77728302    11.72048336
     900       50     0.00039823     0.00020458     0.00028787     0.00043646     0.00068871     0.00105280
     900      100     0.00030539     0.00015352     0.00021701     0.00033028     0.00051980     0.00079604
     900      150     0.00031928     0.00015717     0.00022121     0.00033540     0.00052385     0.00079890
     900      200     0.00041353     0.00019805     0.00027746     0.00041898     0.00065285     0.00098779
     900      250     0.00049966     0.00024234     0.00033942     0.00051274     0.00079674     0.00120759
     900      300     0.00055948     0.00026847     0.00038036     0.00057284     0.00089037     0.00133608
     900      350     0.00060520     0.00029299     0.00041894     0.00063588     0.00099585     0.00151593
     900      400     0.00081724     0.00038884     0.00055745     0.00085803     0.00135346     0.00206952
     900      450     0.00088844     0.00041024     0.00059649     0.00092921     0.00148442     0.00229081
     900      500     0.00099556     0.00044064     0.00065072     0.00102595     0.00167204     0.00261013
     900      550     0.00130643     0.00058750     0.00085478     0.00133113     0.00213739     0.00331591
     900      600     0.00128431     0.00062975     0.00091053     0.00142691     0.00230289     0.00359251
     900      650     0.00158711     0.00071325     0.00104711     0.00166046     0.00270757     0.00426306
     900      700     0.00205409     0.00090392     0.00132585     0.00210364     0.00344600     0.00545354
     900      717     0.00291728     0.00119637     0.00176126     0.00280834     0.00464223     0.00744250
     900      733     0.00288706     0.00140107     0.00203262     0.00320018     0.00521687     0.00814373
     900      750     0.00294605     0.00148443     0.00214558     0.00336402     0.00548427     0.00863550
     900      800     0.00476322     0.00213589     0.00315280     0.00502028     0.00834320     0.01348067
     900      815     0.00208567     0.00094302     0.00141110     0.00227668     0.00383749     0.00622431
     950       50     0.00038644     0.00020405     0.00028718     0.00043543     0.00068533     0.00104960
     950      100     0.00029913     0.00015289     0.00021608     0.00032885     0.00051895     0.00079334
     950      150     0.00031074     0.00015391     0.00021752     0.00033104     0.00051979     0.00078984
     950      200     0.00036821     0.00018215     0.00025514     0.00038536     0.00060028     0.00090837
     950      250     0.00045073     0.00021968     0.00030781     0.00046467     0.00072216     0.00108397
     950      300     0.00053143     0.00025561     0.00035645     0.00053634     0.00083354     0.00125100
     950      350     0.00060328     0.00028931     0.00040892     0.00062243     0.00097233     0.00148275
     950      400     0.00065344     0.00031625     0.00045126     0.00069169     0.00109140     0.00166869
     950      450     0.00072017     0.00035358     0.00051162     0.00079369     0.00126830     0.00195697
     950      500     0.00087173     0.00044333     0.00064130     0.00099506     0.00159028     0.00247629
     950      550     0.00111176     0.00052788     0.00077183     0.00120693     0.00194757     0.00301054
     950      600     0.00121599     0.00052774     0.00077817     0.00123952     0.00202946     0.00318410
     950      650     0.00121990     0.00055362     0.00081650     0.00130106     0.00214179     0.00340409
     950      700     0.00169127     0.00079050     0.00118497     0.00191024     0.00317598     0.00504895
     950      750     0.00214614     0.00094243     0.00136833     0.00215369     0.00350994     0.00552770
     950      767     0.00263801     0.00127887     0.00186571     0.00294527     0.00487188     0.00777840
     950      783     0.00348162     0.00164689     0.00238026     0.00373123     0.00602143     0.00947474
     950      800     0.00302105     0.00135592     0.00200268     0.00324230     0.00541235     0.00870855
     950      850     0.00420436     0.00180854     0.00274586     0.00453884     0.00783310     0.01300979
     950      865     0.00251222     0.00111787     0.00165416     0.00267669     0.00449054     0.00725542
    1000       50     0.00042746     0.00021630     0.00030582     0.00046538     0.00073433     0.00112270
    1000      100     0.00028417     0.00014243     0.00020039     0.00030381     0.00047822     0.00073240
    1000      150     0.00029696     0.00014592     0.00020628     0.00031384     0.00049270     0.00074879
    1000      200     0.00035063     0.00017141     0.00024278     0.00036576     0.00057134     0.00086292
    1000      250     0.00043245     0.00021052     0.00029818     0.00044912     0.00069807     0.00105798
    1000      300     0.00047019     0.00023481     0.00033105     0.00049677     0.00077012     0.00115774
    1000      350     0.00055289     0.00026996     0.00038218     0.00057565     0.00089705     0.00135707
    1000      400     0.00064974     0.00030818     0.00043835     0.00066281     0.00103803     0.00157234
    1000      450     0.00069749     0.00034723     0.00050021     0.00077285     0.00123481     0.00190580
    1000      500     0.00085416     0.00038870     0.00056400     0.00088791     0.00143285     0.00221461
    1000      550     0.00098703     0.00046220     0.00067626     0.00105697     0.00169735     0.00263390
    1000      600     0.00115812     0.00051738     0.00076686     0.00122717     0.00201981     0.00318345
    1000      650     0.00099770     0.00046128     0.00069715     0.00114702     0.00194309     0.00313767
    1000      700     0.00168782     0.00074556     0.00110406     0.00176555     0.00290609     0.00460025
    1000      750     0.00184588     0.00081189     0.00120197     0.00192240     0.00316543     0.00502997
    1000      800     0.00273200     0.00125543     0.00182210     0.00286791     0.00467388     0.00732987
    1000      817     0.00258521     0.00126046     0.00182985     0.00288138     0.00471812     0.00746634
    1000      833     0.00317517     0.00147438     0.00215083     0.00339605     0.00556345     0.00884078
    1000      850     0.00302818     0.00136352     0.00198747     0.00317513     0.00527823     0.00846059
    1000      900     0.00549581     0.00250846     0.00364867     0.00583331     0.00965074     0.01552966
    1000      915     0.00270926     0.00112566     0.00165110     0.00261986     0.00431109     0.00690724
    1050        1    10.19831136     1.46632226     2.90485364     8.83184786    17.77391717    26.78522818
    1050       50     0.00041621     0.00022174     0.00031212     0.00047310     0.00074273     0.00113957
    1050      100     0.00029723     0.00015108     0.00021350     0.00032488     0.00051275     0.00078375
    1050      150     0.00027592     0.00013516     0.00019192     0.00029320     0.00046147     0.00070678
    1050      200     0.00033056     0.00016405     0.00023096     0.00035006     0.00054820     0.00083462
    1050      250     0.00042467     0.00020375     0.00028533     0.00043091     0.00066800     0.00100428
    1050      300     0.00044423     0.00021870     0.00030652     0.00046285     0.00071931     0.00109036
    1050      350     0.00050774     0.00024868     0.00035002     0.00053053     0.00082887     0.00125175
    1050      400     0.00059392     0.00028930     0.00040880     0.00062208     0.00097181     0.00146784
    1050      450     0.00066852     0.00032285     0.00045837     0.00070043     0.00110230     0.00168799
    1050      500     0.00075402     0.00036005     0.00051865     0.00080152     0.00127395     0.00195545
    1050      550     0.00094507     0.00044052     0.00064413     0.00100654     0.00160841     0.00250546
    1050      600     0.00000000     0.00000000     0.00000000     0.00000000     0.00000000     0.00000000
    1050      650     0.00097562     0.00046097     0.00067962     0.00108297     0.00177365     0.00280689
    1050      700     0.00115020     0.00051561     0.00076397     0.00122197     0.00202087     0.00319940
    1050      750     0.00142523     0.00064222     0.00095111     0.00152293     0.00250564     0.00396535
    1050      800     0.00168172     0.00084192     0.00122346     0.00192470     0.00313750     0.00490022
    1050      850     0.00196476     0.00097395     0.00143352     0.00228519     0.00379671     0.00603763
    1050      867     0.00255256     0.00111179     0.00164968     0.00263900     0.00438473     0.00699972
    1050      883     0.00339236     0.00150355     0.00218309     0.00343516     0.00562628     0.00890360
    1050      900     0.00320058     0.00148916     0.00219762     0.00350063     0.00581494     0.00932391
    1050      950     0.00512853     0.00238654     0.00357558     0.00576325     0.00966889     0.01574950
    1050      965     0.00287894     0.00120722     0.00178784     0.00285958     0.00475145     0.00767636
    1100       50     0.00046021     0.00023354     0.00033012     0.00050240     0.00079271     0.00122334
    1100      100     0.00029024     0.00014363     0.00020400     0.00031160     0.00049174     0.00075879
    1100      150     0.00000000     0.00000000     0.00000000     0.00000000     0.00000000     0.00000000
    1100      200     0.00034391     0.00016989     0.00023798     0.00035944     0.00056004     0.00084736
    1100      250     0.00037284     0.00018284     0.00025611     0.00038689     0.00060126     0.00091130
    1100      300     0.00043300     0.00021026     0.00029732     0.00045238     0.00071027     0.00107921
    1100      350     0.00050897     0.00025427     0.00035628     0.00053787     0.00083383     0.00125357
    1100      400     0.00056979     0.00027148     0.00038443     0.00057907     0.00090460     0.00136628
    1100      450     0.00058953     0.00029256     0.00041935     0.00064546     0.00103159     0.00157738
    1100      500     0.00064631     0.00031704     0.00045476     0.00069979     0.00110981     0.00170648
    1100      550     0.00079344     0.00039305     0.00056386     0.00086783     0.00137613     0.00209610
    1100      600     0.00080668     0.00036656     0.00054049     0.00086154     0.00141075     0.00221369
    1100      650     0.00098931     0.00042347     0.00063009     0.00101268     0.00166613     0.00262624
    1100      700     0.00100055     0.00042367     0.00064098     0.00104198     0.00174783     0.00280232
    1100      750     0.00115211     0.00055922     0.00083702     0.00135054     0.00224409     0.00359824
    1100      800     0.00135581     0.00067514     0.00100025     0.00160068     0.00264797     0.00419193
    1100      850     0.00195321     0.00093055     0.00137420     0.00216564     0.00353044     0.00556073
    1100      900     0.00255864     0.00118023     0.00172168     0.00272143     0.00447850     0.00711853
    1100      917     0.00246076     0.00113594     0.00169226     0.00271693     0.00451270     0.00729432
    1100      933     0.00244197     0.00129401     0.00189574     0.00300865     0.00497742     0.00797731
    1100      950     0.00350893     0.00158389     0.00230138     0.00362264     0.00590236     0.00929757
    1100     1000     0.00395255     0.00194798     0.00288560     0.00461939     0.00767474     0.01230221
    1100     1015     0.00251154     0.00113221     0.00169453     0.00273344     0.00460701     0.00750184
    1150        1     0.96042478     0.19596506     0.38801083     0.96454005     1.94103396     2.92517051
    1150       50     0.00042573     0.00022242     0.00031297     0.00047431     0.00074853     0.00114964
    1150      100     0.00027675     0.00014240     0.00020134     0.00030635     0.00048336     0.00073891
    1150      150     0.00028112     0.00013775     0.00019391     0.00029394     0.00046257     0.00070843
    1150      200     0.00030697     0.00015157     0.00021342     0.00032342     0.00050525     0.00077055
    1150      250     0.00037828     0.00018589     0.00026327     0.00039653     0.00061778     0.00093467
    1150      300     0.00045572     0.00021963     0.00030632     0.00046073     0.00071610     0.00107478
    1150      350     0.00046960     0.00022973     0.00032188     0.00048626     0.00075564     0.00113961
    1150      400     0.00057336     0.00028083     0.00039340     0.00059419     0.00092346     0.00138589
    1150      450     0.00000000     0.00000000     0.00000000     0.00000000     0.00000000     0.00000000
    1150      500     0.00065823     0.00033039     0.00047152     0.00072278     0.00114069     0.00174385
    1150      550     0.00068200     0.00032370     0.00046546     0.00072665     0.00116122     0.00179188
    1150      600     0.00078163     0.00037495     0.00054949     0.00087213     0.00142162     0.00223910
    1150      650     0.00075522     0.00035969     0.00053891     0.00086894     0.00144431     0.00229656
    1150      700     0.00089332     0.00042468     0.00063658     0.00102609     0.00168905     0.00268437
    1150      750     0.00094009     0.00042210     0.00063770     0.00104929     0.00177729     0.00288188
    1150      800     0.00108554     0.00051947     0.00078020     0.00127786     0.00216413     0.00349552
    1150      850     0.00144158     0.00066021     0.00098147     0.00159540     0.00265038     0.00421447
    1150      900     0.00143337     0.00070087     0.00103627     0.00167702     0.00278606     0.00450105
    1150      950     0.00254285     0.00118904     0.00173902     0.00271875     0.00442883     0.00691601
    1150      967     0.00305384     0.00122490     0.00180837     0.00290423     0.00482480     0.00779823
    1150      983     0.00339786     0.00157907     0.00234914     0.00377540     0.00633128     0.01023253
    1150     1000     0.00315946     0.00141130     0.00204980     0.00322551     0.00525549     0.00838413
    1150     1050     0.00494245     0.00241463     0.00352134     0.00556707     0.00916387     0.01480639
    1150     1065     0.00206366     0.00095377     0.00140115     0.00224070     0.00374085     0.00606913
    1200        1     0.31945520     0.09892968     0.16968318     0.33748795     0.67923363     1.02360908
    1200       50     0.00049403     0.00025675     0.00036144     0.00054783     0.00086451     0.00133417
    1200      100     0.00029014     0.00014572     0.00020600     0.00031353     0.00049473     0.00075623
    1200      150     0.00028507     0.00013996     0.00019692     0.00029848     0.00046865     0.00071222
    1200      200     0.00029721     0.00014593     0.00020631     0.00031390     0.00049407     0.00075666
    1200      250     0.00031768     0.00015568     0.00021909     0.00033200     0.00051998     0.00079168
    1200      300     0.00000000     0.00000000     0.00000000     0.00000000     0.00000000     0.00000000
    1200      350     0.00048614     0.00023058     0.00032302     0.00048784     0.00076005     0.00115001
    1200      400     0.00052399     0.00025593     0.00035701     0.00053693     0.00083228     0.00125135
    1200      450     0.00054042     0.00025883     0.00036941     0.00056644     0.00089384     0.00136623
    1200      500     0.00064005     0.00030398     0.00043383     0.00066541     0.00104974     0.00160486
    1200      550     0.00064624     0.00029619     0.00043408     0.00068895     0.00111235     0.00173446
    1200      600     0.00075237     0.00035323     0.00051608     0.00080698     0.00129599     0.00200149
    1200      650     0.00079011     0.00036328     0.00053294     0.00084587     0.00137880     0.00216232
    1200      700     0.00092339     0.00041598     0.00061635     0.00098586     0.00161441     0.00253322
    1200      750     0.00000000     0.00000000     0.00000000     0.00000000     0.00000000     0.00000000
    1200      800     0.00110299     0.00050827     0.00075623     0.00121509     0.00201977     0.00321111
    1200      850     0.00095331     0.00044226     0.00066459     0.00108926     0.00185383     0.00301667
    1200      900     0.00114002     0.00052975     0.00079600     0.00130472     0.00219862     0.00356647
    1200      950     0.00153956     0.00070471     0.00106817     0.00173637     0.00291247     0.00470599
    1200     1000     0.00188518     0.00093856     0.00138166     0.00220340     0.00365958     0.00586701
    1200     1017     0.00255454     0.00127952     0.00185846     0.00292624     0.00476893     0.00754199
    1200     1033     0.00286308     0.00129179     0.00189306     0.00300400     0.00494404     0.00792455
    1200     1050     0.00354767     0.00161174     0.00236358     0.00375000     0.00620095     0.00998084
    1200     1100     0.00411241     0.00180070     0.00272133     0.00447741     0.00772192     0.01282795
    1200     1115     0.00280703     0.00119264     0.00176670     0.00282578     0.00469557     0.00749791
    1250        1   142.77169004    21.92739267    47.56735976   155.90492205   313.73574209   472.81955599
    1250       50     0.00046799     0.00025207     0.00035486     0.00053793     0.00084444     0.00129553
    1250      100     0.00028781     0.00014952     0.00021045     0.00031908     0.00050216     0.00076903
    1250      150     0.00027844     0.00013547     0.00019147     0.00029135     0.00045971     0.00070282
    1250      200     0.00031769     0.00015407     0.00021682     0.00032874     0.00051477     0.00078362
    1250      250     0.00032931     0.00015899     0.00022377     0.00033918     0.00053113     0.00080855
    1250      300     0.00037866     0.00018324     0.00025829     0.00038757     0.00060225     0.00090848
    1250      350     0.00040791     0.00020190     0.00028275     0.00042698     0.00066366     0.00100084
    1250      400     0.00045350     0.00022731     0.00032199     0.00048494     0.00075372     0.00114249
    1250      450     0.00052592     0.00024555     0.00034860     0.00053265     0.00083623     0.00127070
    1250      500     0.00061837     0.00028369     0.00040475     0.00062047     0.00097659     0.00148854
    1250      550     0.00066854     0.00030881     0.00044956     0.00069998     0.00111847     0.00172637
    1250      600     0.00067283     0.00032570     0.00046917     0.00072478     0.00115808     0.00177072
    1250      650     0.00074214     0.00035212     0.00051756     0.00081238     0.00132392     0.00204896
    1250      700     0.00085520     0.00039150     0.00058029     0.00092807     0.00152757     0.00240795
    1250      750     0.00089213     0.00039550     0.00058944     0.00094685     0.00156607     0.00247968
    1250      800     0.00085495     0.00041841     0.00062486     0.00101963     0.00171068     0.00276341
    1250      850     0.00101077     0.00045944     0.00069034     0.00113094     0.00191552     0.00309437
    1250      900     0.00124966     0.00056686     0.00084710     0.00138202     0.00231766     0.00374532
    1250      950     0.00139455     0.00064605     0.00096268     0.00154587     0.00258189     0.00412194
    1250     1000     0.00168394     0.00077623     0.00114216     0.00184077     0.00305897     0.00490449
    1250     1050     0.00184592     0.00092377     0.00136699     0.00221121     0.00372756     0.00607027
    1250     1067     0.00268705     0.00116916     0.00173080     0.00276964     0.00460139     0.00737654
    1250     1083     0.00239648     0.00111918     0.00165036     0.00262871     0.00432848     0.00687814
    1250     1100     0.00266336     0.00132223     0.00194557     0.00313558     0.00526060     0.00850007
    1250     1150     0.00340195     0.00181642     0.00270309     0.00439021     0.00743503     0.01214542
    1250     1165     0.00208534     0.00105596     0.00154407     0.00247679     0.00411752     0.00659914
    1300        1    17.66177875     2.52463551     5.03695972    15.38911434    30.97028484    46.67210598
    1300       50     0.00050114     0.00026289     0.00037009     0.00056094     0.00088520     0.00136609
    1300      100     0.00029578     0.00014770     0.00020879     0.00031779     0.00050267     0.00077426
    1300      150     0.00027129     0.00013294     0.00018801     0.00028608     0.00045138     0.00069004
    1300      200     0.00028955     0.00014420     0.00020299     0.00030771     0.00048188     0.00073368
    1300      250     0.00035436     0.00017034     0.00023860     0.00036038     0.00056137     0.00084948
    1300      300     0.00039093     0.00018970     0.00026865     0.00040465     0.00063054     0.00095406
    1300      350     0.00041106     0.00020095     0.00028330     0.00042524     0.00065912     0.00099084
    1300      400     0.00045065     0.00021811     0.00030890     0.00046526     0.00072303     0.00108505
    1300      450     0.00053788     0.00025361     0.00035851     0.00054537     0.00085416     0.00129418
    1300      500     0.00052092     0.00025554     0.00036464     0.00055928     0.00088271     0.00134921
    1300      550     0.00062824     0.00028886     0.00041227     0.00063217     0.00099756     0.00152477
    1300      600     0.00058542     0.00027855     0.00040930     0.00064247     0.00103677     0.00160263
    1300      650     0.00077977     0.00036090     0.00052499     0.00081717     0.00130570     0.00202423
    1300      700     0.00073552     0.00034301     0.00050840     0.00081298     0.00133827     0.00210058
    1300      750     0.00090512     0.00040842     0.00060516     0.00096795     0.00159256     0.00251039
    1300      800     0.00090992     0.00042079     0.00062351     0.00099746     0.00164170     0.00260845
    1300      850     0.00091375     0.00043688     0.00065257     0.00106434     0.00176946     0.00283616
    1300      900     0.00104367     0.00047048     0.00070660     0.00115690     0.00195040     0.00313890
    1300      950     0.00111817     0.00050586     0.00076437     0.00125706     0.00212888     0.00346603
    1300     1000     0.00124616     0.00064039     0.00095193     0.00154650     0.00258090     0.00415489
    1300     1050     0.00136459     0.00064329     0.00095533     0.00155302     0.00260556     0.00420899
    1300     1100     0.00250181     0.00108958     0.00161502     0.00258292     0.00429381     0.00693758
    1300     1117     0.00225202     0.00110545     0.00162310     0.00257373     0.00425730     0.00685280
    1300     1133     0.00267107     0.00128269     0.00186158     0.00293289     0.00480168     0.00759766
    1300     1150     0.00297005     0.00140204     0.00205719     0.00326268     0.00539631     0.00861314
    1300     1200     0.00330853     0.00156546     0.00233313     0.00385042     0.00664416     0.01111775
    1300     1215     0.00216876     0.00087666     0.00131675     0.00215820     0.00368795     0.00604507
    1350       50     0.00052758     0.00026822     0.00037923     0.00057714     0.00091083     0.00140559
    1350      100     0.00029984     0.00015489     0.00021800     0.00033056     0.00052028     0.00079681
    1350      150     0.00027595     0.00013852     0.00019494     0.00029546     0.00046506     0.00071221
    1350      200     0.00027662     0.00013724     0.00019320     0.00029288     0.00045982     0.00069870
    1350      250     0.00031039     0.00015239     0.00021442     0.00032509     0.00050774     0.00077068
    1350      300     0.00034635     0.00017154     0.00024025     0.00036282     0.00056533     0.00085547
    1350      350     0.00040883     0.00019687     0.00027636     0.00041311     0.00064203     0.00096368
    1350      400     0.00043562     0.00021419     0.00030142     0.00045699     0.00071373     0.00107801
    1350      450     0.00049434     0.00024160     0.00033849     0.00051124     0.00079469     0.00120451
    1350      500     0.00053135     0.00026501     0.00037449     0.00056990     0.00089005     0.00134458
    1350      550     0.00059076     0.00028527     0.00040515     0.00061872     0.00097628     0.00148553
    1350      600     0.00059279     0.00029229     0.00042320     0.00065649     0.00104881     0.00161855
    1350      650     0.00066626     0.00031827     0.00046552     0.00072800     0.00117477     0.00182411
    1350      700     0.00074203     0.00034461     0.00050571     0.00080231     0.00130748     0.00204151
    1350      750     0.00073823     0.00033282     0.00049339     0.00078911     0.00129893     0.00204724
    1350      800     0.00085561     0.00038978     0.00057448     0.00091536     0.00149867     0.00235156
    1350      850     0.00090598     0.00040112     0.00060014     0.00096822     0.00160832     0.00255810
    1350      900     0.00084984     0.00037702     0.00057326     0.00094719     0.00160388     0.00259047
    1350      950     0.00096371     0.00045312     0.00068078     0.00111499     0.00188887     0.00305041
    1350     1000     0.00100440     0.00047087     0.00071783     0.00120621     0.00210003     0.00348316
    1350     1050     0.00151654     0.00069307     0.00103256     0.00165750     0.00275467     0.00441570
    1350     1100     0.00210633     0.00090051     0.00133446     0.00213549     0.00354885     0.00568949
    1350     1150     0.00196450     0.00095864     0.00139947     0.00221291     0.00364037     0.00585853
    1350     1167     0.00253908     0.00118375     0.00171896     0.00270594     0.00443120     0.00707103
    1350     1183     0.00245058     0.00114445     0.00168903     0.00269096     0.00449273     0.00725814
    1350     1200     0.00403523     0.00181960     0.00265448     0.00419311     0.00690378     0.01106210
    1350     1250     0.00471911     0.00216834     0.00330449     0.00554709     0.00966099     0.01602492
    1350     1265     0.00198396     0.00093043     0.00139682     0.00228937     0.00387559     0.00630937
    1400        1     1.32921900     0.19301347     0.37973234     1.14910633     2.31248457     3.48496192
    1400       50     0.00051365     0.00027052     0.00038055     0.00057705     0.00091047     0.00139176
    1400      100     0.00031351     0.00015500     0.00021912     0.00033337     0.00052611     0.00080803
    1400      150     0.00027562     0.00013971     0.00019756     0.00030056     0.00047429     0.00072506
    1400      200     0.00028039     0.00013941     0.00019615     0.00029742     0.00046692     0.00071297
    1400      250     0.00030384     0.00014842     0.00021018     0.00031661     0.00049457     0.00074695
    1400      300     0.00034840     0.00017488     0.00024576     0.00037011     0.00057503     0.00087168
    1400      350     0.00040762     0.00019846     0.00027800     0.00041991     0.00065254     0.00097936
    1400      400     0.00042711     0.00021265     0.00030128     0.00045373     0.00070524     0.00106356
    1400      450     0.00048288     0.00022785     0.00032259     0.00048582     0.00075517     0.00114459
    1400      500     0.00056389     0.00026180     0.00036866     0.00055877     0.00086821     0.00131612
    1400      550     0.00059693     0.00028089     0.00040252     0.00061964     0.00098047     0.00149590
    1400      600     0.00067571     0.00031446     0.00045083     0.00069421     0.00109535     0.00167458
    1400      650     0.00059192     0.00029373     0.00042761     0.00066576     0.00106375     0.00164148
    1400      700     0.00064986     0.00031463     0.00045661     0.00071910     0.00116037     0.00180147
    1400      750     0.00077329     0.00035736     0.00052894     0.00084666     0.00138625     0.00217493
    1400      800     0.00080076     0.00037070     0.00054942     0.00087907     0.00144617     0.00227978
    1400      850     0.00087972     0.00039073     0.00059486     0.00097036     0.00163606     0.00263308
    1400      900     0.00076213     0.00037374     0.00056023     0.00090315     0.00150036     0.00239580
    1400      950     0.00097122     0.00041116     0.00062520     0.00103298     0.00175716     0.00285952
    1400     1000     0.00111906     0.00047651     0.00072211     0.00117354     0.00196917     0.00318249
    1400     1050     0.00098168     0.00045936     0.00069415     0.00114246     0.00195230     0.00317642
    1400     1100     0.00133732     0.00063123     0.00093762     0.00152393     0.00255715     0.00413176
    1400     1150     0.00172395     0.00078583     0.00116656     0.00189604     0.00318139     0.00513987
    1400     1200     0.00172894     0.00085194     0.00126718     0.00203679     0.00341672     0.00556269
    1400     1217     0.00241441     0.00102547     0.00152500     0.00247939     0.00417903     0.00677619
    1400     1233     0.00336914     0.00151414     0.00221904     0.00352218     0.00585020     0.00937934
    1400     1250     0.00320792     0.00148479     0.00218693     0.00352356     0.00591017     0.00962376
    1400     1300     0.00483792     0.00214113     0.00318577     0.00517131     0.00876086     0.01447672
    1400     1315     0.00254732     0.00107198     0.00159372     0.00259116     0.00436683     0.00708075
    1450        1     3.25220820     1.04092692     2.06218403     6.26995212    12.61779674    19.01520931
    1450       50     0.00058936     0.00031098     0.00043765     0.00066356     0.00104432     0.00159925
    1450      100     0.00032275     0.00016454     0.00023258     0.00035383     0.00055702     0.00085302
    1450      150     0.00029030     0.00014224     0.00020113     0.00030601     0.00048289     0.00073825
    1450      200     0.00029484     0.00014747     0.00020747     0.00031460     0.00049263     0.00074991
    1450      250     0.00030946     0.00014967     0.00021190     0.00031917     0.00049990     0.00075735
    1450      300     0.00036745     0.00017816     0.00025227     0.00038000     0.00059195     0.00089566
    1450      350     0.00038848     0.00018632     0.00026100     0.00039414     0.00061252     0.00092833
    1450      400     0.00042934     0.00020407     0.00028588     0.00043175     0.00067101     0.00101207
    1450      450     0.00047931     0.00023437     0.00032704     0.00049200     0.00076059     0.00114262
    1450      500     0.00051356     0.00025335     0.00035491     0.00053591     0.00083705     0.00126432
    1450      550     0.00053833     0.00025711     0.00036498     0.00055762     0.00087768     0.00133784
    1450      600     0.00054238     0.00025828     0.00037559     0.00058501     0.00093478     0.00144262
    1450      650     0.00064854     0.00029698     0.00042990     0.00066695     0.00106572     0.00163725
    1450      700     0.00066788     0.00032272     0.00047195     0.00073746     0.00118469     0.00183792
    1450      750     0.00067974     0.00031922     0.00046584     0.00073635     0.00118827     0.00186940
    1450      800     0.00061259     0.00028519     0.00043226     0.00070275     0.00117849     0.00188956
    1450      850     0.00081418     0.00036681     0.00054656     0.00087742     0.00145127     0.00229807
    1450      900     0.00087139     0.00039422     0.00058752     0.00094368     0.00156088     0.00247108
    1450      950     0.00089860     0.00041619     0.00062356     0.00100556     0.00167060     0.00267834
    1450     1000     0.00093412     0.00043333     0.00065110     0.00106684     0.00180666     0.00291895
    1450     1050     0.00115166     0.00052207     0.00078880     0.00129743     0.00219684     0.00356250
    1450     1100     0.00135453     0.00063783     0.00094837     0.00153986     0.00258386     0.00415921
    1450     1150     0.00133449     0.00060455     0.00091366     0.00150331     0.00254607     0.00414373
    1450     1200     0.00138972     0.00067459     0.00100535     0.00161458     0.00270884     0.00437833
    1450     1250     0.00224208     0.00097921     0.00145910     0.00234311     0.00391295     0.00629686
    1450     1267     0.00238179     0.00111269     0.00163340     0.00259166     0.00428445     0.00686819
    1450     1283     0.00319116     0.00151473     0.00223084     0.00359376     0.00602921     0.00974177
    1450     1300     0.00263736     0.00128019     0.00189605     0.00303368     0.00509225     0.00825994
    1450     1350     0.00368475     0.00176077     0.00264586     0.00433758     0.00748249     0.01243210
    1450     1365     0.00206156     0.00094101     0.00140178     0.00224976     0.00377484     0.00614575
    1500        1     1.08135765     0.15801717     0.34881355     1.15511087     2.32482987     3.50345625
    1500       50     0.00053779     0.00028064     0.00039679     0.00060369     0.00095739     0.00147202
    1500      100     0.00031992     0.00017102     0.00024066     0.00036491     0.00057285     0.00087896
    1500      150     0.00026911     0.00013550     0.00019152     0.00029152     0.00045885     0.00070263
    1500      200     0.00027115     0.00013481     0.00019057     0.00029002     0.00045654     0.00069588
    1500      250     0.00029390     0.00014387     0.00020335     0.00030949     0.00048587     0.00073834
    1500      300     0.00035737     0.00016906     0.00023805     0.00036084     0.00056361     0.00085115
    1500      350     0.00038830     0.00018595     0.00026051     0.00039337     0.00061294     0.00092734
    1500      400     0.00046124     0.00021497     0.00030025     0.00044721     0.00069148     0.00103891
    1500      450     0.00045669     0.00022117     0.00031182     0.00046800     0.00072740     0.00110259
    1500      500     0.00047674     0.00023140     0.00032435     0.00048971     0.00075926     0.00114131
    1500      550     0.00055645     0.00026636     0.00037836     0.00057813     0.00090522     0.00137798
    1500      600     0.00052644     0.00025451     0.00036682     0.00056678     0.00090574     0.00138487
    1500      650     0.00058773     0.00028097     0.00040689     0.00063112     0.00100858     0.00154200
    1500      700     0.00062301     0.00028963     0.00042497     0.00067399     0.00109309     0.00170618
    1500      750     0.00066609     0.00030073     0.00044340     0.00070635     0.00115124     0.00180540
    1500      800     0.00070130     0.00032045     0.00047234     0.00075268     0.00123855     0.00193579
    1500      850     0.00080142     0.00036837     0.00054904     0.00088929     0.00147700     0.00234872
    1500      900     0.00085423     0.00039098     0.00058578     0.00094440     0.00156941     0.00250555
    1500      950     0.00081958     0.00037559     0.00056430     0.00092462     0.00155794     0.00252714
    1500     1000     0.00085976     0.00040691     0.00060803     0.00099162     0.00167157     0.00269050
    1500     1050     0.00094877     0.00042852     0.00065168     0.00107609     0.00184003     0.00300443
    1500     1100     0.00095122     0.00043470     0.00066045     0.00109149     0.00186591     0.00306991
    1500     1150     0.00118209     0.00054578     0.00081996     0.00134333     0.00228486     0.00373252
    1500     1200     0.00139501     0.00066098     0.00098219     0.00159678     0.00267869     0.00429402
    1500     1250     0.00161520     0.00076872     0.00114135     0.00185579     0.00311304     0.00506859
    1500     1300     0.00219929     0.00097167     0.00143299     0.00228205     0.00379320     0.00612889
    1500     1317     0.00313126     0.00135200     0.00199187     0.00317461     0.00527588     0.00852479
    1500     1333     0.00226954     0.00111653     0.00164542     0.00262213     0.00435671     0.00704167
    1500     1350     0.00323503     0.00151881     0.00219563     0.00344250     0.00560993     0.00898798
    1500     1400     0.00407017     0.00175769     0.00264172     0.00432942     0.00736520     0.01212237
    1500     1415     0.00245820     0.00107078     0.00158699     0.00253880     0.00426011     0.00688334
    1550       50     0.00055763     0.00028167     0.00039826     0.00060596     0.00096095     0.00148445
    1550      100     0.00033421     0.00017181     0.00024180     0.00036657     0.00057549     0.00088295
    1550      150     0.00027078     0.00013733     0.00019414     0.00029543     0.00046501     0.00071217
    1550      200     0.00028455     0.00014302     0.00020124     0.00030508     0.00047905     0.00072790
    1550      250     0.00030047     0.00014815     0.00020971     0.00031594     0.00049360     0.00074910
    1550      300     0.00036002     0.00017090     0.00023940     0.00036152     0.00056182     0.00085150
    1550      350     0.00035949     0.00018236     0.00025549     0.00038579     0.00059954     0.00090880
    1550      400     0.00037538     0.00019095     0.00026619     0.00040060     0.00062244     0.00094350
    1550      450     0.00043867     0.00021185     0.00029865     0.00044815     0.00069658     0.00105577
    1550      500     0.00050677     0.00025057     0.00035330     0.00053016     0.00082186     0.00123550
    1550      550     0.00046403     0.00022200     0.00031688     0.00048596     0.00076489     0.00116019
    1550      600     0.00053096     0.00025866     0.00036910     0.00056611     0.00088878     0.00135075
    1550      650     0.00062228     0.00029830     0.00042555     0.00065263     0.00103265     0.00157554
    1550      700     0.00057936     0.00028076     0.00040946     0.00064689     0.00104956     0.00163784
    1550      750     0.00061343     0.00029528     0.00042867     0.00067430     0.00108872     0.00169007
    1550      800     0.00060420     0.00028442     0.00042381     0.00068055     0.00112538     0.00178184
    1550      850     0.00069724     0.00035043     0.00051388     0.00081606     0.00133598     0.00209595
    1550      900     0.00078255     0.00037336     0.00055323     0.00088503     0.00145689     0.00231540
    1550      950     0.00072916     0.00034296     0.00051533     0.00084466     0.00141685     0.00227098
    1550     1000     0.00079399     0.00037494     0.00056330     0.00092274     0.00156234     0.00250475
    1550     1050     0.00087263     0.00040477     0.00060821     0.00099668     0.00168003     0.00270436
    1550     1100     0.00089764     0.00041482     0.00062412     0.00102232     0.00172275     0.00277227
    1550     1150     0.00097988     0.00046546     0.00070702     0.00116767     0.00201513     0.00331119
    1550     1200     0.00120417     0.00054006     0.00081149     0.00133009     0.00225257     0.00366567
    1550     1250     0.00142490     0.00068718     0.00103238     0.00169052     0.00287669     0.00469948
    1550     1300     0.00180121     0.00084817     0.00126029     0.00204775     0.00343683     0.00550849
    1550     1350     0.00168171     0.00085982     0.00127428     0.00203715     0.00341820     0.00556635
    1550     1367     0.00207126     0.00098883     0.00147124     0.00239047     0.00401051     0.00648019
    1550     1383     0.00194221     0.00099438     0.00147253     0.00235477     0.00395213     0.00638518
    1550     1400     0.00281378     0.00133828     0.00193144     0.00306075     0.00503862     0.00807404
    1550     1450     0.00435404     0.00224324     0.00329864     0.00531425     0.00900193     0.01476317
    1550     1465     0.00231038     0.00104546     0.00154025     0.00245403     0.00408007     0.00659195
    1600       50     0.00065884     0.00033607     0.00047305     0.00071713     0.00112583     0.00172737
    1600      100     0.00032090     0.00016885     0.00023753     0.00036011     0.00056679     0.00086814
    1600      150     0.00000000     0.00000000     0.00000000     0.00000000     0.00000000     0.00000000
    1600      200     0.00027369     0.00013665     0.00019323     0.00029395     0.00046157     0.00070133
    1600      250     0.00031732     0.00015579     0.00021917     0.00033231     0.00052170     0.00079287
    1600      300     0.00032837     0.00016130     0.00022833     0.00034399     0.00053598     0.00081105
    1600      350     0.00035308     0.00017252     0.00024170     0.00036496     0.00056718     0.00085974
    1600      400     0.00035565     0.00017607     0.00024666     0.00037252     0.00058038     0.00087816
    1600      450     0.00041952     0.00020515     0.00028744     0.00043423     0.00067479     0.00101266
    1600      500     0.00048164     0.00023035     0.00032116     0.00048312     0.00075091     0.00112692
    1600      550     0.00052529     0.00025127     0.00035182     0.00053145     0.00082163     0.00123446
    1600      600     0.00052819     0.00024925     0.00035403     0.00054055     0.00085086     0.00129090
    1600      650     0.00055843     0.00027701     0.00039550     0.00060633     0.00095676     0.00146256
    1600      700     0.00060348     0.00029513     0.00042514     0.00065701     0.00104948     0.00160498
    1600      750     0.00062447     0.00029333     0.00042848     0.00067705     0.00109249     0.00170349
    1600      800     0.00062588     0.00030637     0.00044957     0.00071356     0.00116264     0.00181580
    1600      850     0.00065792     0.00031795     0.00046618     0.00073956     0.00120520     0.00189803
    1600      900     0.00067415     0.00031886     0.00047710     0.00076969     0.00127904     0.00204216
    1600      950     0.00069777     0.00033622     0.00050309     0.00081149     0.00134919     0.00215389
    1600     1000     0.00088553     0.00041853     0.00062707     0.00101109     0.00168001     0.00267127
    1600     1050     0.00089236     0.00041104     0.00062186     0.00101099     0.00169556     0.00271864
    1600     1100     0.00079440     0.00037794     0.00056463     0.00092103     0.00154506     0.00249678
    1600     1150     0.00106351     0.00045819     0.00068848     0.00112828     0.00189273     0.00305859
    1600     1200     0.00110935     0.00049563     0.00074966     0.00123287     0.00210761     0.00342826
    1600     1250     0.00093736     0.00046050     0.00069930     0.00115534     0.00198409     0.00326217
    1600     1300     0.00120913     0.00055319     0.00083116     0.00136142     0.00230633     0.00375398
    1600     1350     0.00186050     0.00082085     0.00122640     0.00200126     0.00338793     0.00553552
    1600     1400     0.00174998     0.00085620     0.00127145     0.00206636     0.00348216     0.00569287
    1600     1417     0.00194674     0.00091696     0.00136210     0.00221341     0.00371295     0.00604739
    1600     1433     0.00280823     0.00141089     0.00205811     0.00325235     0.00537816     0.00858718
    1600     1450     0.00258948     0.00139261     0.00202153     0.00317990     0.00523352     0.00838775
    1600     1500     0.00463777     0.00225499     0.00335618     0.00544956     0.00923043     0.01513851
    1600     1515     0.00208525     0.00091415     0.00134938     0.00216740     0.00361991     0.00582576
    1650       50     0.00061828     0.00031933     0.00045136     0.00068678     0.00108654     0.00167360
    1650      100     0.00032289     0.00016663     0.00023444     0.00035543     0.00055947     0.00085685
    1650      150     0.00027077     0.00013755     0.00019449     0.00029602     0.00046710     0.00071402
    1650      200     0.00030369     0.00014816     0.00020853     0.00031610     0.00049624     0.00075409
    1650      250     0.00028989     0.00014445     0.00020328     0.00030805     0.00048246     0.00073455
    1650      300     0.00032303     0.00016213     0.00022967     0.00034591     0.00054040     0.00081619
    1650      350     0.00034285     0.00017067     0.00023797     0.00035805     0.00055645     0.00083920
    1650      400     0.00039273     0.00018833     0.00026657     0.00040159     0.00062579     0.00094679
    1650      450     0.00042060     0.00020549     0.00028963     0.00043467     0.00067562     0.00102399
    1650      500     0.00045158     0.00022059     0.00031087     0.00046657     0.00072525     0.00109378
    1650      550     0.00048436     0.00022697     0.00031921     0.00048398     0.00075611     0.00114746
    1650      600     0.00051142     0.00025350     0.00035848     0.00054564     0.00085431     0.00130078
    1650      650     0.00049352     0.00023990     0.00034409     0.00052975     0.00083783     0.00127847
    1650      700     0.00060503     0.00028260     0.00040921     0.00063475     0.00100918     0.00154871
    1650      750     0.00058996     0.00028060     0.00041041     0.00064126     0.00102991     0.00159072
    1650      800     0.00057923     0.00027913     0.00040820     0.00063812     0.00102979     0.00159208
    1650      850     0.00059733     0.00027244     0.00040599     0.00065221     0.00107325     0.00169147
    1650      900     0.00069705     0.00032799     0.00048607     0.00077796     0.00128021     0.00201772
    1650      950     0.00069186     0.00031764     0.00047341     0.00076062     0.00125777     0.00199162
    1650     1000     0.00072139     0.00033290     0.00049717     0.00081134     0.00136097     0.00218167
    1650     1050     0.00084873     0.00038484     0.00057483     0.00093818     0.00156571     0.00250043
    1650     1100     0.00080197     0.00038346     0.00057694     0.00094498     0.00159973     0.00260429
    1650     1150     0.00075940     0.00035273     0.00053591     0.00088567     0.00151406     0.00246316
    1650     1200     0.00091978     0.00041337     0.00062786     0.00103697     0.00177279     0.00290494
    1650     1250     0.00091300     0.00044085     0.00066962     0.00110700     0.00191013     0.00313813
    1650     1300     0.00000000     0.00000000     0.00000000     0.00000000     0.00000000     0.00000000
    1650     1350     0.00125963     0.00058686     0.00088185     0.00144490     0.00244784     0.00398486
    1650     1400     0.00150474     0.00070787     0.00105701     0.00172518     0.00292185     0.00479079
    1650     1450     0.00205078     0.00097029     0.00143490     0.00232090     0.00389411     0.00629281
    1650     1467     0.00235397     0.00110662     0.00161365     0.00255061     0.00419897     0.00672838
    1650     1483     0.00264612     0.00125176     0.00184199     0.00296897     0.00498129     0.00811069
    1650     1500     0.00243674     0.00110411     0.00164486     0.00264037     0.00443003     0.00718579
    1650     1550     0.00380270     0.00172987     0.00257031     0.00417581     0.00707400     0.01155885
    1650     1565     0.00237088     0.00107057     0.00160822     0.00263616     0.00446465     0.00732344
    1700       50     0.00065812     0.00035551     0.00050258     0.00076456     0.00120662     0.00186199
    1700      100     0.00034281     0.00017792     0.00025042     0.00037963     0.00059757     0.00091523
    1700      150     0.00029580     0.00015090     0.00021228     0.00032177     0.00050651     0.00077575
    1700      200     0.00027265     0.00013803     0.00019430     0.00029453     0.00046244     0.00070272
    1700      250     0.00027622     0.00013967     0.00019653     0.00029801     0.00046782     0.00071087
    1700      300     0.00031385     0.00015460     0.00021901     0.00032987     0.00051521     0.00078197
    1700      350     0.00034355     0.00016754     0.00023468     0.00035443     0.00055221     0.00083540
    1700      400     0.00040360     0.00019625     0.00027358     0.00041172     0.00063645     0.00095618
    1700      450     0.00042166     0.00020684     0.00028836     0.00043397     0.00067262     0.00101132
    1700      500     0.00043409     0.00021244     0.00029957     0.00044961     0.00069871     0.00104858
    1700      550     0.00046875     0.00022078     0.00031359     0.00047917     0.00075024     0.00114232
    1700      600     0.00052556     0.00025007     0.00035199     0.00053355     0.00083132     0.00125791
    1700      650     0.00057161     0.00026843     0.00038117     0.00058235     0.00091859     0.00139131
    1700      700     0.00054250     0.00025992     0.00037451     0.00057843     0.00092445     0.00142001
    1700      750     0.00063653     0.00031123     0.00044846     0.00069283     0.00110181     0.00169103
    1700      800     0.00062703     0.00030242     0.00044194     0.00069114     0.00111534     0.00172382
    1700      850     0.00058869     0.00027530     0.00040364     0.00064085     0.00104449     0.00163070
    1700      900     0.00057351     0.00026915     0.00040267     0.00064921     0.00107921     0.00171581
    1700      950     0.00068748     0.00030508     0.00045732     0.00073723     0.00123111     0.00196594
    1700     1000     0.00067319     0.00030302     0.00045510     0.00074550     0.00125053     0.00202071
    1700     1050     0.00073853     0.00034195     0.00051742     0.00084137     0.00141085     0.00226186
    1700     1100     0.00076767     0.00033628     0.00051073     0.00084386     0.00144286     0.00234714
    1700     1150     0.00081047     0.00036534     0.00055491     0.00091666     0.00156036     0.00252920
    1700     1200     0.00093149     0.00044447     0.00066354     0.00108267     0.00180777     0.00288681
    1700     1250     0.00087858     0.00042158     0.00064036     0.00105777     0.00180856     0.00296426
    1700     1300     0.00096341     0.00043340     0.00066207     0.00109901     0.00188782     0.00310382
    1700     1350     0.00107741     0.00050516     0.00076780     0.00126817     0.00216825     0.00355336
    1700     1400     0.00127548     0.00059827     0.00090364     0.00148633     0.00252811     0.00411415
    1700     1450     0.00140090     0.00067364     0.00101765     0.00167297     0.00286067     0.00472331
    1700     1500     0.00243225     0.00109879     0.00162077     0.00258138     0.00428768     0.00687565
    1700     1517     0.00168727     0.00082528     0.00122728     0.00197332     0.00332429     0.00541358
    1700     1533     0.00280877     0.00134321     0.00197359     0.00318115     0.00533826     0.00862580
    1700     1550     0.00268224     0.00129379     0.00191175     0.00309510     0.00521722     0.00852532
    1700     1600     0.00575827     0.00241128     0.00357193     0.00571329     0.00949215     0.01533590
    1700     1615     0.00202564     0.00096932     0.00142499     0.00229489     0.00383380     0.00621775
    1750        1     0.42277510     0.06479208     0.13900477     0.46066085     0.92701473     1.39709618
    1750       50     0.00065135     0.00034803     0.00048987     0.00074264     0.00117171     0.00180823
    1750      100     0.00032174     0.00017124     0.00024101     0.00036528     0.00057361     0.00087997
    1750      150     0.00027987     0.00014146     0.00020001     0.00030440     0.00048034     0.00073771
    1750      200     0.00026150     0.00013233     0.00018712     0.00028471     0.00044936     0.00068690
    1750      250     0.00029584     0.00014593     0.00020526     0.00031125     0.00048736     0.00074200
    1750      300     0.00031244     0.00015127     0.00021280     0.00032267     0.00050398     0.00076128
    1750      350     0.00035515     0.00017590     0.00024526     0.00036907     0.00057356     0.00086071
    1750      400     0.00035772     0.00017742     0.00024757     0.00037247     0.00057878     0.00086861
    1750      450     0.00039454     0.00019413     0.00027069     0.00040739     0.00062980     0.00094849
    1750      500     0.00045588     0.00021926     0.00031055     0.00046781     0.00072702     0.00109107
    1750      550     0.00045862     0.00022718     0.00032041     0.00048072     0.00074724     0.00112135
    1750      600     0.00048252     0.00023825     0.00033530     0.00050823     0.00079190     0.00119811
    1750      650     0.00051898     0.00026301     0.00037434     0.00056611     0.00088655     0.00133646
    1750      700     0.00054156     0.00025809     0.00036828     0.00056486     0.00089152     0.00136267
    1750      750     0.00048941     0.00023513     0.00034297     0.00054205     0.00087481     0.00136453
    1750      800     0.00063169     0.00030606     0.00044514     0.00069332     0.00110806     0.00170978
    1750      850     0.00063258     0.00028948     0.00042484     0.00067412     0.00109852     0.00173020
    1750      900     0.00068156     0.00030800     0.00045598     0.00072976     0.00118911     0.00187260
    1750      950     0.00066003     0.00029578     0.00044751     0.00072740     0.00122037     0.00194887
    1750     1000     0.00064517     0.00030893     0.00046309     0.00074653     0.00124118     0.00197314
    1750     1050     0.00073902     0.00033541     0.00050681     0.00083362     0.00141230     0.00226373
    1750     1100     0.00069769     0.00033826     0.00050882     0.00082418     0.00138336     0.00221728
    1750     1150     0.00069055     0.00033301     0.00050180     0.00083539     0.00142785     0.00234022
    1750     1200     0.00093286     0.00043017     0.00065102     0.00105812     0.00177507     0.00285708
    1750     1250     0.00080289     0.00037070     0.00056299     0.00093007     0.00159011     0.00260577
    1750     1300     0.00094247     0.00043096     0.00065449     0.00108142     0.00184936     0.00303014
    1750     1350     0.00097391     0.00046164     0.00069457     0.00113764     0.00192589     0.00311163
    1750     1400     0.00101621     0.00044328     0.00067663     0.00112326     0.00193790     0.00319582
    1750     1450     0.00110240     0.00049722     0.00075465     0.00124668     0.00213109     0.00349300
    1750     1500     0.00179367     0.00084590     0.00126612     0.00204289     0.00342725     0.00549379
    1750     1550     0.00228413     0.00104355     0.00153110     0.00242939     0.00401726     0.00646669
    1750     1567     0.00227113     0.00110156     0.00162116     0.00261124     0.00433821     0.00701180
    1750     1583     0.00220744     0.00101769     0.00151289     0.00245924     0.00416517     0.00683005
    1750     1600     0.00263828     0.00113293     0.00168482     0.00273923     0.00459455     0.00745268
    1750     1650     0.00396159     0.00195878     0.00292277     0.00477151     0.00815647     0.01346500
