# Contour T6btLL_ctau10, ExpPlus2
#    mstop     mchi10
     989.8        0.0
    1000.0        3.7
    1025.0       12.6
    1050.0       19.5
    1075.0       24.0
    1081.8       25.0
    1100.0       31.1
    1125.0       38.6
    1150.0       44.8
    1175.0       49.5
    1178.2       50.0
    1200.0       59.2
    1225.0       66.5
    1250.0       71.0
    1275.0       73.5
    1297.8       75.0
    1300.0       75.5
    1325.0       79.8
    1350.0       83.7
    1375.0       88.0
    1400.0       92.4
    1425.0       96.3
    1450.0       99.6
    1453.6      100.0
    1475.0      106.2
    1500.0      112.2
    1525.0      117.7
    1550.0      124.0
    1553.8      125.0
    1575.0      138.3
    1592.3      150.0
    1600.0      162.7
    1608.4      175.0
    1613.7      200.0
    1612.0      225.0
    1605.9      250.0
    1600.0      266.2
    1597.3      275.0
    1588.2      300.0
    1578.2      325.0
    1575.0      332.8
    1568.5      350.0
    1558.8      375.0
    1550.0      396.9
    1549.0      400.0
    1540.3      425.0
    1531.7      450.0
    1525.0      470.1
    1523.6      475.0
    1516.7      500.0
    1510.4      525.0
    1504.4      550.0
    1500.0      568.8
    1498.8      575.0
    1494.0      600.0
    1488.9      625.0
    1483.9      650.0
    1479.1      675.0
    1475.0      697.6
    1474.6      700.0
    1470.9      725.0
    1467.1      750.0
    1462.8      775.0
    1457.8      800.0
    1451.8      825.0
    1450.0      831.9
    1446.1      850.0
    1440.6      875.0
    1435.0      900.0
    1428.5      925.0
    1425.0      935.7
    1420.7      950.0
    1409.9      975.0
    1400.0      990.3
    1393.8     1000.0
    1375.0     1018.3
    1366.5     1025.0
    1350.0     1033.4
    1325.0     1043.5
    1306.2     1050.0
    1300.0     1051.6
    1275.0     1058.5
    1250.0     1069.0
    1243.2     1075.0
    1226.3     1100.0
    1225.0     1103.8
    1220.5     1125.0
    1217.6     1150.0
    1200.0     1175.0
    1175.0     1150.0
    1150.0     1125.0
    1125.0     1100.0
    1100.0     1075.0
    1075.0     1050.0
    1050.0     1025.0
    1025.0     1000.0
    1000.0      975.0
     975.0      950.0
     950.0      925.0
     925.0      900.0
     900.0      875.0
     875.0      850.0
     850.0      825.0
     825.0      800.0
     800.0      775.0
     775.0      750.0
     750.0      725.0
     725.0      700.0
     700.0      675.0
     675.0      650.0
     650.0      625.0
     625.0      600.0
     600.0      575.0
     575.0      550.0
     550.0      525.0
     525.0      500.0
     500.0      475.0
     475.0      450.0
     450.0      425.0
     425.0      400.0
     400.0      375.0
     400.0      375.0
