msbottom     mchi            obs     exp-2sigma     exp-1sigma            exp     exp+1sigma     exp+2sigma
     400        1     4.06995946     0.89422824     1.81869046     5.72352585    11.51798527    17.35779567
     400       50     0.00607038     0.00327833     0.00455886     0.00676737     0.01030100     0.01523875
     400      100     0.00223944     0.00125518     0.00183476     0.00286932     0.00458405     0.00707499
     400      150     0.00153289     0.00077873     0.00117655     0.00193531     0.00327774     0.00525298
     400      200     0.00245924     0.00127628     0.00193775     0.00320305     0.00547566     0.00893946
     400      217     0.00354461     0.00188100     0.00285698     0.00472023     0.00814950     0.01333998
     400      233     0.00304298     0.00158926     0.00241269     0.00398840     0.00681789     0.01117226
     400      250     0.00260095     0.00139555     0.00208483     0.00339889     0.00575536     0.00933422
     400      300     0.00328724     0.00184031     0.00271600     0.00432712     0.00718679     0.01142839
     450       50     0.00572178     0.00329605     0.00458389     0.00680381     0.01035860     0.01536590
     450      100     0.00201072     0.00116848     0.00167560     0.00257887     0.00405916     0.00615754
     450      150     0.00114854     0.00060395     0.00089863     0.00145885     0.00243662     0.00387464
     450      200     0.00105716     0.00053482     0.00081160     0.00134122     0.00229329     0.00374377
     450      250     0.00180182     0.00093316     0.00141870     0.00234237     0.00404367     0.00666675
     450      267     0.00284337     0.00147366     0.00225023     0.00373307     0.00643885     0.01054492
     450      283     0.00238979     0.00124108     0.00187604     0.00308537     0.00527601     0.00858362
     450      300     0.00225661     0.00117215     0.00175969     0.00288215     0.00488153     0.00788645
     450      350     0.00273180     0.00153832     0.00225495     0.00357774     0.00591620     0.00944545
     500       50     0.00599845     0.00327135     0.00450752     0.00664403     0.01011225     0.01496138
     500      100     0.00201059     0.00114540     0.00162578     0.00248451     0.00389076     0.00586519
     500      150     0.00105413     0.00057508     0.00084643     0.00136344     0.00224337     0.00353535
     500      200     0.00079086     0.00040681     0.00061071     0.00100070     0.00169455     0.00273682
     500      250     0.00080671     0.00040901     0.00062079     0.00102657     0.00177104     0.00288815
     500      300     0.00156718     0.00078603     0.00120015     0.00199105     0.00343480     0.00566458
     500      317     0.00241240     0.00120222     0.00183650     0.00304402     0.00525472     0.00866498
     500      333     0.00204645     0.00101769     0.00155530     0.00258184     0.00445572     0.00729420
     500      350     0.00179153     0.00095498     0.00143373     0.00235092     0.00401646     0.00653368
     500      400     0.00225050     0.00131029     0.00193043     0.00307568     0.00511363     0.00812930
     550       50     0.00587137     0.00319203     0.00444046     0.00658973     0.01008590     0.01510278
     550      100     0.00218497     0.00122445     0.00173423     0.00261280     0.00406020     0.00609332
     550      150     0.00118289     0.00065029     0.00094449     0.00148623     0.00239825     0.00370694
     550      200     0.00076137     0.00039809     0.00059604     0.00097238     0.00162281     0.00259083
     550      250     0.00062641     0.00031733     0.00048217     0.00079703     0.00136245     0.00221553
     550      300     0.00070840     0.00034994     0.00053450     0.00088728     0.00153109     0.00250639
     550      350     0.00138586     0.00069507     0.00106187     0.00176265     0.00304289     0.00501677
     550      367     0.00199321     0.00104185     0.00158234     0.00261441     0.00451224     0.00738833
     550      383     0.00172148     0.00090293     0.00137128     0.00226577     0.00387333     0.00630154
     550      400     0.00000000     0.00000000     0.00000000     0.00000000     0.00000000     0.00000000
     550      450     0.00195459     0.00108371     0.00159842     0.00256703     0.00426535     0.00683673
     600       50     0.00605504     0.00309899     0.00428573     0.00640027     0.00984450     0.01476675
     600      100     0.00234444     0.00128982     0.00180961     0.00270636     0.00419379     0.00630626
     600      150     0.00122678     0.00067173     0.00097759     0.00152180     0.00243188     0.00375283
     600      200     0.00077030     0.00040288     0.00060029     0.00096368     0.00159378     0.00252362
     600      250     0.00057674     0.00030073     0.00045151     0.00073988     0.00125400     0.00202518
     600      300     0.00052839     0.00026965     0.00040619     0.00067653     0.00115644     0.00189578
     600      350     0.00064472     0.00032271     0.00049298     0.00081775     0.00141166     0.00231112
     600      400     0.00125579     0.00062393     0.00095308     0.00158097     0.00272836     0.00448382
     600      417     0.00185008     0.00094819     0.00143993     0.00237931     0.00410590     0.00677187
     600      433     0.00154395     0.00077626     0.00118581     0.00196549     0.00337750     0.00555205
     600      450     0.00141911     0.00073500     0.00111167     0.00182835     0.00312733     0.00508598
     600      500     0.00174048     0.00095726     0.00142643     0.00229100     0.00380635     0.00612761
     650       50     0.00684338     0.00368309     0.00511932     0.00760115     0.01172187     0.01755196
     650      100     0.00236752     0.00129559     0.00181712     0.00271796     0.00421247     0.00633365
     650      150     0.00127520     0.00069269     0.00099301     0.00152849     0.00242475     0.00372749
     650      200     0.00079406     0.00041907     0.00062114     0.00099342     0.00163490     0.00257678
     650      250     0.00057932     0.00030329     0.00045535     0.00074625     0.00125201     0.00200736
     650      300     0.00047210     0.00023949     0.00036421     0.00060141     0.00102836     0.00167262
     650      350     0.00048936     0.00024676     0.00037707     0.00062591     0.00107022     0.00175436
     650      400     0.00055074     0.00027695     0.00042335     0.00070221     0.00120668     0.00198368
     650      450     0.00107582     0.00052674     0.00081010     0.00134860     0.00232801     0.00383886
     650      467     0.00157594     0.00081659     0.00124587     0.00206818     0.00356780     0.00588591
     650      483     0.00133907     0.00069358     0.00105424     0.00174228     0.00297963     0.00488281
     650      500     0.00128553     0.00066513     0.00100353     0.00165310     0.00282389     0.00459562
     650      550     0.00159058     0.00085209     0.00128108     0.00207637     0.00348281     0.00562578
     700        1     4.52676116     1.02659686     2.08732933     6.56857635    13.21869888    19.92065696
     700       50     0.00634982     0.00333619     0.00468023     0.00700093     0.01085085     0.01647489
     700      100     0.00263136     0.00138115     0.00193762     0.00289745     0.00449189     0.00675262
     700      150     0.00131889     0.00069985     0.00100868     0.00155788     0.00248986     0.00384230
     700      200     0.00085977     0.00046140     0.00068139     0.00107408     0.00175043     0.00273374
     700      250     0.00059116     0.00030717     0.00046237     0.00074828     0.00125573     0.00199693
     700      300     0.00047092     0.00023851     0.00036251     0.00059898     0.00101909     0.00165195
     700      350     0.00041096     0.00021128     0.00032120     0.00053064     0.00090313     0.00147530
     700      400     0.00043859     0.00022442     0.00033856     0.00056362     0.00096373     0.00157865
     700      450     0.00058020     0.00029043     0.00043988     0.00073618     0.00127005     0.00208716
     700      500     0.00101165     0.00051906     0.00079298     0.00131549     0.00227995     0.00377038
     700      517     0.00148781     0.00074562     0.00113996     0.00189247     0.00327868     0.00540535
     700      533     0.00120230     0.00062080     0.00094298     0.00155749     0.00266235     0.00436444
     700      550     0.00119206     0.00062466     0.00094220     0.00155124     0.00265134     0.00431189
     700      600     0.00139199     0.00074996     0.00112029     0.00182559     0.00307801     0.00499292
     750       50     0.00688618     0.00361003     0.00504092     0.00751220     0.01161111     0.01753144
     750      100     0.00271142     0.00145872     0.00203467     0.00306142     0.00475716     0.00721051
     750      150     0.00137393     0.00074808     0.00106804     0.00163758     0.00259044     0.00397141
     750      200     0.00092708     0.00050095     0.00073257     0.00114554     0.00184878     0.00285786
     750      250     0.00060545     0.00032211     0.00047989     0.00077033     0.00127424     0.00201727
     750      300     0.00046928     0.00024261     0.00036716     0.00059679     0.00100114     0.00160442
     750      350     0.00040672     0.00020666     0.00031548     0.00052324     0.00089479     0.00145541
     750      400     0.00040367     0.00020534     0.00031209     0.00051568     0.00088143     0.00144436
     750      450     0.00040166     0.00020504     0.00031327     0.00051951     0.00089652     0.00146834
     750      500     0.00052675     0.00025536     0.00038857     0.00065332     0.00112701     0.00187208
     750      550     0.00095802     0.00048328     0.00073825     0.00122366     0.00211233     0.00348322
     750      567     0.00145229     0.00074015     0.00111422     0.00185637     0.00320263     0.00528104
     750      583     0.00109536     0.00056333     0.00086064     0.00142866     0.00246456     0.00409508
     750      600     0.00099948     0.00051913     0.00078317     0.00128888     0.00219437     0.00358320
     750      650     0.00128536     0.00071660     0.00106621     0.00173237     0.00290641     0.00469618
     800       50     0.00723807     0.00383027     0.00534312     0.00803954     0.01249421     0.01893702
     800      100     0.00301411     0.00160933     0.00225383     0.00340390     0.00533097     0.00811610
     800      150     0.00154242     0.00085352     0.00120855     0.00182076     0.00284419     0.00433768
     800      200     0.00099598     0.00053738     0.00077801     0.00120640     0.00193748     0.00300630
     800      250     0.00070645     0.00037346     0.00055371     0.00088562     0.00145714     0.00228718
     800      300     0.00048726     0.00025170     0.00038131     0.00061956     0.00103959     0.00166023
     800      350     0.00039838     0.00020234     0.00030931     0.00051310     0.00087663     0.00142071
     800      400     0.00036996     0.00018925     0.00028886     0.00047953     0.00081961     0.00133804
     800      450     0.00034992     0.00017593     0.00027066     0.00045094     0.00077766     0.00127354
     800      500     0.00038831     0.00019626     0.00030008     0.00049814     0.00085944     0.00141280
     800      550     0.00048331     0.00023945     0.00036771     0.00061267     0.00105744     0.00174387
     800      600     0.00084755     0.00042057     0.00064092     0.00107612     0.00187339     0.00310768
     800      617     0.00119462     0.00060195     0.00092537     0.00154125     0.00267242     0.00441948
     800      633     0.00105355     0.00052133     0.00079084     0.00132306     0.00227180     0.00373506
     800      650     0.00094744     0.00049382     0.00075077     0.00124028     0.00212025     0.00347537
     800      700     0.00123919     0.00066169     0.00099506     0.00161129     0.00271579     0.00438768
     850       50     0.00686881     0.00367073     0.00509790     0.00764224     0.01187770     0.01800378
     850      100     0.00339384     0.00173335     0.00241674     0.00363667     0.00566488     0.00865632
     850      150     0.00167675     0.00089177     0.00125481     0.00190196     0.00298657     0.00458243
     850      200     0.00102516     0.00057036     0.00082184     0.00126968     0.00202892     0.00313112
     850      250     0.00070670     0.00037000     0.00054501     0.00086840     0.00141531     0.00222901
     850      300     0.00048428     0.00025065     0.00037929     0.00061670     0.00102956     0.00164390
     850      350     0.00040659     0.00021048     0.00032035     0.00052878     0.00089584     0.00144669
     850      400     0.00034561     0.00017469     0.00026834     0.00044681     0.00076428     0.00124301
     850      450     0.00033233     0.00017200     0.00026317     0.00043652     0.00074953     0.00122332
     850      500     0.00031304     0.00015784     0.00024289     0.00040468     0.00069799     0.00114300
     850      550     0.00036614     0.00018555     0.00028356     0.00047021     0.00081157     0.00133904
     850      600     0.00048664     0.00024363     0.00037199     0.00061749     0.00106549     0.00175775
     850      650     0.00087833     0.00044374     0.00068134     0.00113523     0.00197701     0.00327979
     850      667     0.00118550     0.00060081     0.00092319     0.00153865     0.00267872     0.00442839
     850      683     0.00102241     0.00051601     0.00078087     0.00130649     0.00225479     0.00371772
     850      700     0.00094022     0.00048503     0.00073725     0.00121631     0.00209982     0.00343851
     850      750     0.00110146     0.00060634     0.00090070     0.00146364     0.00245522     0.00396769
     900       50     0.00808959     0.00419870     0.00589312     0.00881278     0.01376754     0.02099647
     900      100     0.00343203     0.00191763     0.00269275     0.00402494     0.00625620     0.00948213
     900      150     0.00190093     0.00100967     0.00142020     0.00215335     0.00337218     0.00513414
     900      200     0.00108293     0.00060067     0.00086072     0.00132515     0.00211775     0.00326772
     900      250     0.00076513     0.00041700     0.00060994     0.00095335     0.00153876     0.00240013
     900      300     0.00060393     0.00031571     0.00047038     0.00075516     0.00124272     0.00197529
     900      350     0.00045084     0.00023518     0.00035385     0.00057927     0.00097213     0.00155845
     900      400     0.00037431     0.00019506     0.00029619     0.00048934     0.00082818     0.00134819
     900      450     0.00033337     0.00016933     0.00026010     0.00043310     0.00074408     0.00121462
     900      500     0.00032398     0.00016589     0.00025499     0.00042499     0.00073336     0.00120064
     900      550     0.00032101     0.00016345     0.00025154     0.00041908     0.00071965     0.00118322
     900      600     0.00033338     0.00017124     0.00025953     0.00043398     0.00074863     0.00122970
     900      650     0.00041128     0.00020638     0.00031549     0.00052335     0.00090254     0.00149403
     900      700     0.00078867     0.00039389     0.00060462     0.00100740     0.00175428     0.00290928
     900      717     0.00124518     0.00064095     0.00098439     0.00164187     0.00283195     0.00467033
     900      733     0.00095733     0.00048866     0.00074112     0.00123853     0.00213711     0.00351186
     900      750     0.00099356     0.00050890     0.00076789     0.00126467     0.00216130     0.00353048
     900      800     0.00112092     0.00059963     0.00090665     0.00149189     0.00252486     0.00411110
     950       50     0.00890831     0.00459629     0.00638069     0.00956590     0.01482663     0.02251565
     950      100     0.00368602     0.00184234     0.00258436     0.00386518     0.00599096     0.00909674
     950      150     0.00181625     0.00104531     0.00146497     0.00221198     0.00344618     0.00521457
     950      200     0.00123769     0.00066488     0.00094486     0.00144272     0.00227677     0.00348074
     950      250     0.00084599     0.00044732     0.00065053     0.00101347     0.00162697     0.00252463
     950      300     0.00064539     0.00032470     0.00048326     0.00077634     0.00127786     0.00202258
     950      350     0.00049113     0.00025089     0.00038247     0.00062430     0.00104725     0.00167209
     950      400     0.00040137     0.00020352     0.00030907     0.00051071     0.00086522     0.00139722
     950      450     0.00034034     0.00017274     0.00026523     0.00044192     0.00075577     0.00122892
     950      500     0.00029574     0.00015049     0.00023115     0.00038548     0.00066167     0.00108416
     950      550     0.00029463     0.00014801     0.00022846     0.00038274     0.00066031     0.00108867
     950      600     0.00030275     0.00015422     0.00023660     0.00039447     0.00068058     0.00111401
     950      650     0.00033109     0.00016704     0.00025652     0.00042703     0.00073724     0.00121548
     950      700     0.00043296     0.00021596     0.00033180     0.00055299     0.00095398     0.00157302
     950      750     0.00071978     0.00036566     0.00056180     0.00093633     0.00162239     0.00268386
     950      767     0.00110476     0.00056336     0.00085893     0.00144278     0.00251388     0.00416883
     950      783     0.00094954     0.00047999     0.00073191     0.00121488     0.00209734     0.00347172
     950      800     0.00086662     0.00044035     0.00066948     0.00110599     0.00189069     0.00307605
     950      850     0.00100519     0.00053736     0.00080676     0.00132239     0.00223924     0.00361812
    1000       50     0.00977525     0.00519624     0.00721378     0.01081295     0.01684630     0.02573815
    1000      100     0.00352020     0.00186896     0.00261399     0.00392028     0.00607764     0.00922885
    1000      150     0.00188810     0.00101934     0.00142766     0.00215670     0.00336862     0.00511193
    1000      200     0.00123468     0.00066970     0.00095137     0.00145351     0.00229353     0.00350562
    1000      250     0.00093458     0.00050578     0.00073309     0.00114536     0.00182989     0.00284972
    1000      300     0.00065613     0.00034355     0.00050779     0.00079999     0.00130371     0.00203564
    1000      350     0.00052404     0.00027192     0.00040905     0.00066259     0.00110133     0.00175120
    1000      400     0.00041005     0.00021077     0.00032265     0.00052942     0.00088803     0.00142894
    1000      450     0.00035370     0.00017850     0.00027230     0.00045204     0.00077268     0.00125695
    1000      500     0.00029723     0.00014927     0.00023057     0.00038601     0.00066569     0.00109008
    1000      550     0.00027689     0.00013922     0.00021519     0.00036030     0.00062168     0.00102539
    1000      600     0.00028229     0.00014215     0.00021841     0.00036424     0.00062847     0.00102883
    1000      650     0.00028728     0.00014558     0.00022473     0.00037597     0.00064911     0.00107031
    1000      700     0.00032706     0.00016507     0.00025375     0.00042292     0.00072998     0.00120365
    1000      750     0.00042330     0.00021224     0.00032652     0.00054400     0.00093815     0.00154745
    1000      800     0.00072558     0.00036367     0.00055861     0.00093014     0.00160590     0.00266717
    1000      817     0.00105846     0.00052409     0.00080889     0.00135500     0.00235914     0.00391379
    1000      833     0.00087560     0.00044039     0.00067613     0.00112558     0.00195196     0.00322779
    1000      850     0.00084018     0.00043782     0.00066530     0.00109823     0.00188704     0.00310268
    1000      900     0.00097055     0.00052952     0.00079498     0.00130343     0.00220657     0.00356478
    1050       50     0.01028723     0.00535583     0.00750220     0.01133011     0.01778540     0.02728846
    1050      100     0.00311786     0.00163885     0.00229902     0.00343868     0.00533001     0.00809346
    1050      150     0.00216712     0.00112742     0.00157960     0.00238489     0.00372555     0.00568246
    1050      200     0.00126203     0.00067285     0.00095106     0.00144701     0.00228366     0.00349076
    1050      250     0.00089009     0.00048826     0.00070699     0.00109662     0.00176114     0.00273228
    1050      300     0.00072070     0.00037713     0.00055244     0.00087030     0.00140409     0.00218985
    1050      350     0.00051020     0.00026288     0.00039372     0.00063506     0.00105511     0.00167103
    1050      400     0.00042699     0.00021678     0.00033021     0.00053867     0.00090391     0.00144914
    1050      450     0.00036405     0.00018203     0.00027986     0.00046617     0.00079709     0.00129172
    1050      500     0.00030411     0.00015221     0.00023507     0.00039370     0.00067598     0.00110308
    1050      550     0.00028787     0.00014489     0.00022241     0.00037080     0.00063992     0.00104757
    1050      600     0.00027572     0.00013850     0.00021413     0.00035837     0.00061845     0.00101990
    1050      650     0.00027165     0.00013862     0.00021186     0.00035442     0.00061161     0.00100151
    1050      700     0.00027221     0.00013894     0.00021176     0.00035565     0.00061372     0.00101179
    1050      750     0.00030716     0.00015334     0.00023573     0.00039288     0.00068099     0.00112672
    1050      800     0.00040246     0.00020451     0.00031223     0.00051783     0.00089349     0.00147421
    1050      850     0.00071216     0.00036399     0.00055576     0.00092255     0.00159934     0.00264570
    1050      867     0.00100481     0.00049349     0.00075943     0.00126526     0.00218233     0.00362580
    1050      883     0.00090531     0.00045558     0.00070035     0.00116647     0.00202259     0.00334483
    1050      900     0.00081618     0.00041525     0.00063133     0.00104267     0.00179897     0.00294448
    1050      950     0.00092144     0.00048336     0.00073422     0.00121268     0.00205458     0.00334313
    1100       50     0.00850989     0.00465867     0.00653876     0.00978043     0.01531384     0.02342792
    1100      100     0.00359456     0.00195357     0.00272931     0.00406484     0.00630114     0.00956893
    1100      150     0.00249960     0.00129366     0.00181537     0.00271383     0.00422910     0.00639813
    1100      200     0.00142965     0.00077591     0.00109720     0.00166929     0.00263374     0.00402638
    1100      250     0.00102127     0.00054550     0.00078167     0.00120343     0.00192323     0.00296758
    1100      300     0.00076652     0.00039903     0.00058917     0.00092832     0.00151338     0.00236263
    1100      350     0.00057160     0.00029150     0.00043659     0.00070398     0.00116469     0.00184369
    1100      400     0.00043983     0.00022332     0.00034179     0.00056057     0.00094049     0.00150787
    1100      450     0.00037084     0.00018886     0.00028867     0.00047882     0.00081095     0.00131042
    1100      500     0.00033943     0.00017158     0.00026446     0.00043903     0.00075048     0.00122047
    1100      550     0.00028891     0.00014571     0.00022502     0.00037640     0.00064673     0.00105523
    1100      600     0.00026132     0.00013324     0.00020456     0.00034084     0.00058820     0.00096303
    1100      650     0.00026073     0.00013137     0.00020295     0.00033979     0.00058615     0.00096647
    1100      700     0.00025099     0.00012521     0.00019477     0.00032708     0.00056984     0.00093837
    1100      750     0.00026426     0.00013589     0.00020848     0.00034758     0.00059969     0.00098875
    1100      800     0.00031095     0.00015614     0.00023800     0.00039948     0.00068953     0.00114150
    1100      850     0.00038244     0.00019450     0.00029721     0.00049335     0.00085175     0.00140411
    1100      900     0.00070501     0.00034677     0.00053614     0.00089684     0.00156168     0.00259870
    1100      917     0.00093117     0.00046867     0.00071287     0.00119880     0.00208680     0.00346197
    1100      933     0.00081767     0.00041165     0.00063322     0.00105499     0.00181980     0.00300075
    1100      950     0.00084247     0.00043545     0.00066028     0.00109185     0.00186583     0.00303521
    1100     1000     0.00100827     0.00053253     0.00079951     0.00131075     0.00221961     0.00361272
    1150       50     0.01047432     0.00544725     0.00759688     0.01143096     0.01785361     0.02723248
    1150      100     0.00414991     0.00210612     0.00295659     0.00442152     0.00688831     0.01052319
    1150      150     0.00225282     0.00120995     0.00168699     0.00253855     0.00396483     0.00604652
    1150      200     0.00156362     0.00083251     0.00116609     0.00176123     0.00275103     0.00419539
    1150      250     0.00100915     0.00055196     0.00079112     0.00121786     0.00194661     0.00300388
    1150      300     0.00076897     0.00041082     0.00060055     0.00093865     0.00151496     0.00236251
    1150      350     0.00060938     0.00032543     0.00047929     0.00076410     0.00125117     0.00196298
    1150      400     0.00049841     0.00025891     0.00038955     0.00063805     0.00106499     0.00170067
    1150      450     0.00040209     0.00020413     0.00030994     0.00051231     0.00086369     0.00138967
    1150      500     0.00034715     0.00017784     0.00027181     0.00045121     0.00076768     0.00124452
    1150      550     0.00031591     0.00016054     0.00024686     0.00041120     0.00070329     0.00114383
    1150      600     0.00027520     0.00013674     0.00021242     0.00035690     0.00061289     0.00100792
    1150      650     0.00026830     0.00013533     0.00020907     0.00035003     0.00060382     0.00099560
    1150      700     0.00024939     0.00012443     0.00019343     0.00032492     0.00056073     0.00092477
    1150      750     0.00025373     0.00012435     0.00019310     0.00032471     0.00056280     0.00092775
    1150      800     0.00027141     0.00013747     0.00020957     0.00035199     0.00060750     0.00100896
    1150      850     0.00028732     0.00014630     0.00022474     0.00037457     0.00064603     0.00106555
    1150      900     0.00035491     0.00017982     0.00027618     0.00045987     0.00079370     0.00131853
    1150      950     0.00064982     0.00032451     0.00049881     0.00083135     0.00143458     0.00238320
    1150      967     0.00089406     0.00045345     0.00069624     0.00115996     0.00201163     0.00332703
    1150      983     0.00080947     0.00041345     0.00063512     0.00105854     0.00182567     0.00301123
    1150     1000     0.00075900     0.00038963     0.00059100     0.00097705     0.00167887     0.00275005
    1150     1050     0.00088811     0.00045979     0.00069812     0.00115229     0.00196171     0.00320394
    1200       50     0.01301482     0.00700267     0.00985441     0.01493595     0.02362939     0.03640004
    1200      100     0.00375818     0.00208092     0.00288997     0.00433234     0.00671600     0.01019753
    1200      150     0.00239684     0.00127459     0.00177827     0.00267490     0.00416761     0.00636714
    1200      200     0.00168830     0.00089989     0.00126046     0.00190377     0.00298114     0.00453804
    1200      250     0.00111215     0.00061119     0.00086856     0.00132622     0.00209833     0.00323214
    1200      300     0.00085848     0.00046386     0.00066834     0.00103263     0.00164975     0.00254593
    1200      350     0.00068440     0.00035247     0.00052280     0.00083596     0.00136924     0.00215716
    1200      400     0.00054188     0.00027936     0.00041839     0.00067443     0.00112088     0.00176811
    1200      450     0.00044075     0.00021859     0.00033235     0.00054871     0.00092969     0.00149000
    1200      500     0.00036569     0.00018325     0.00027993     0.00046399     0.00078963     0.00128031
    1200      550     0.00033481     0.00016758     0.00025709     0.00042849     0.00073277     0.00119179
    1200      600     0.00027163     0.00013894     0.00021362     0.00035583     0.00061408     0.00100174
    1200      650     0.00025190     0.00012690     0.00019634     0.00032842     0.00056670     0.00093461
    1200      700     0.00025462     0.00012786     0.00019871     0.00033377     0.00057593     0.00094983
    1200      750     0.00023601     0.00011762     0.00018293     0.00030757     0.00053057     0.00087822
    1200      800     0.00024838     0.00012336     0.00019155     0.00032211     0.00056107     0.00092393
    1200      850     0.00025908     0.00013309     0.00020286     0.00034070     0.00058792     0.00096925
    1200      900     0.00027969     0.00014251     0.00021726     0.00036512     0.00063248     0.00104647
    1200      950     0.00038851     0.00019373     0.00029737     0.00049579     0.00085930     0.00142174
    1200     1000     0.00064095     0.00032652     0.00049825     0.00082639     0.00143267     0.00237031
    1200     1017     0.00093310     0.00047193     0.00072470     0.00120739     0.00210419     0.00348905
    1200     1033     0.00075371     0.00038313     0.00058381     0.00097948     0.00170696     0.00283011
    1200     1050     0.00073275     0.00038230     0.00058289     0.00096755     0.00166254     0.00273275
    1200     1100     0.00085998     0.00045009     0.00068352     0.00112914     0.00192099     0.00313725
    1250       50     0.01426733     0.00672714     0.00940862     0.01435333     0.02276128     0.03548852
    1250      100     0.00445756     0.00242490     0.00338899     0.00504774     0.00780439     0.01178357
    1250      150     0.00280427     0.00144042     0.00202094     0.00302158     0.00470724     0.00715762
    1250      200     0.00181692     0.00094841     0.00132919     0.00200699     0.00313516     0.00478134
    1250      250     0.00117865     0.00062539     0.00088822     0.00135678     0.00215158     0.00330797
    1250      300     0.00085030     0.00044793     0.00065158     0.00101452     0.00163695     0.00254185
    1250      350     0.00065944     0.00035038     0.00051395     0.00081569     0.00132921     0.00209325
    1250      400     0.00052643     0.00027123     0.00040621     0.00065509     0.00108324     0.00171471
    1250      450     0.00045265     0.00023596     0.00035440     0.00058073     0.00096956     0.00154754
    1250      500     0.00039192     0.00019724     0.00030138     0.00050032     0.00084718     0.00136323
    1250      550     0.00033427     0.00016803     0.00026007     0.00043023     0.00073560     0.00119188
    1250      600     0.00030155     0.00015158     0.00023411     0.00039212     0.00067633     0.00110345
    1250      650     0.00026906     0.00013439     0.00020750     0.00034709     0.00059910     0.00098781
    1250      700     0.00025567     0.00012797     0.00019879     0.00033400     0.00057625     0.00095050
    1250      750     0.00024341     0.00012145     0.00018877     0.00031747     0.00055000     0.00090994
    1250      800     0.00023395     0.00011748     0.00018230     0.00030662     0.00053146     0.00087909
    1250      850     0.00024059     0.00012113     0.00018731     0.00031349     0.00054342     0.00089897
    1250      900     0.00025100     0.00012736     0.00019664     0.00032928     0.00056785     0.00094000
    1250      950     0.00028806     0.00014566     0.00022196     0.00037252     0.00064262     0.00106002
    1250     1000     0.00036165     0.00018159     0.00027878     0.00046447     0.00080156     0.00132690
    1250     1050     0.00066680     0.00033658     0.00051670     0.00086147     0.00149370     0.00247070
    1250     1067     0.00093869     0.00047282     0.00072592     0.00120848     0.00208598     0.00343909
    1250     1083     0.00076103     0.00039102     0.00059295     0.00098047     0.00169130     0.00277915
    1250     1100     0.00079030     0.00040851     0.00062104     0.00102574     0.00176132     0.00289524
    1250     1150     0.00091801     0.00047635     0.00072492     0.00119665     0.00203603     0.00332633
    1300       50     0.01231033     0.00634156     0.00888224     0.01341656     0.02111558     0.03264385
    1300      100     0.00461016     0.00249284     0.00346162     0.00518943     0.00806379     0.01222252
    1300      150     0.00256136     0.00139073     0.00195106     0.00291755     0.00453475     0.00687283
    1300      200     0.00177896     0.00097594     0.00136730     0.00206460     0.00321698     0.00486712
    1300      250     0.00117439     0.00063011     0.00089530     0.00136764     0.00216320     0.00333232
    1300      300     0.00089642     0.00048420     0.00070104     0.00108732     0.00173739     0.00270535
    1300      350     0.00069919     0.00036968     0.00053695     0.00084521     0.00136362     0.00212694
    1300      400     0.00053077     0.00027867     0.00041519     0.00066648     0.00109698     0.00174373
    1300      450     0.00045833     0.00023893     0.00036200     0.00058861     0.00098244     0.00156893
    1300      500     0.00040436     0.00020751     0.00031616     0.00051599     0.00086581     0.00138777
    1300      550     0.00034300     0.00016938     0.00025990     0.00043353     0.00074081     0.00120510
    1300      600     0.00029583     0.00014965     0.00023002     0.00038315     0.00065493     0.00107352
    1300      650     0.00027700     0.00013940     0.00021435     0.00035704     0.00061066     0.00100068
    1300      700     0.00026872     0.00013151     0.00020432     0.00034371     0.00059286     0.00097787
    1300      750     0.00023956     0.00011834     0.00018266     0.00030937     0.00053865     0.00088722
    1300      800     0.00024420     0.00012426     0.00019315     0.00032443     0.00055999     0.00092007
    1300      850     0.00023034     0.00011446     0.00017640     0.00029911     0.00052073     0.00086059
    1300      900     0.00023168     0.00011886     0.00018200     0.00030415     0.00052732     0.00086935
    1300      950     0.00025497     0.00012856     0.00019790     0.00033260     0.00057653     0.00095362
    1300     1000     0.00029318     0.00014772     0.00022702     0.00037837     0.00065297     0.00107666
    1300     1050     0.00035033     0.00017715     0.00027071     0.00044935     0.00077579     0.00127889
    1300     1100     0.00066927     0.00033417     0.00051054     0.00084749     0.00146941     0.00243015
    1300     1117     0.00092886     0.00046715     0.00071367     0.00118355     0.00204295     0.00339265
    1300     1133     0.00074117     0.00037806     0.00057777     0.00095904     0.00165536     0.00274042
    1300     1150     0.00073009     0.00037346     0.00056187     0.00093645     0.00160037     0.00262317
    1300     1200     0.00085610     0.00044558     0.00067663     0.00111809     0.00191127     0.00313250
    1350       50     0.01098423     0.00591183     0.00828293     0.01251192     0.01968886     0.03029912
    1350      100     0.00474372     0.00248408     0.00348643     0.00521439     0.00810159     0.01228094
    1350      150     0.00283295     0.00158159     0.00219684     0.00329295     0.00509121     0.00768663
    1350      200     0.00193735     0.00104156     0.00145265     0.00218516     0.00339582     0.00514731
    1350      250     0.00142142     0.00078650     0.00110649     0.00167741     0.00262727     0.00399929
    1350      300     0.00108684     0.00057782     0.00082828     0.00127506     0.00203706     0.00312946
    1350      350     0.00082037     0.00043884     0.00064153     0.00100334     0.00161873     0.00252485
    1350      400     0.00063963     0.00033593     0.00049754     0.00079579     0.00130968     0.00204691
    1350      450     0.00048174     0.00024195     0.00036657     0.00059605     0.00099485     0.00158876
    1350      500     0.00041972     0.00021401     0.00032538     0.00053721     0.00090146     0.00144521
    1350      550     0.00035923     0.00018427     0.00028107     0.00046655     0.00079055     0.00127654
    1350      600     0.00031910     0.00015653     0.00024306     0.00040850     0.00070183     0.00114533
    1350      650     0.00027207     0.00013507     0.00020979     0.00035261     0.00060863     0.00099639
    1350      700     0.00026940     0.00013401     0.00020816     0.00034986     0.00060388     0.00099575
    1350      750     0.00024427     0.00012226     0.00018993     0.00031912     0.00055058     0.00090814
    1350      800     0.00022997     0.00011428     0.00017610     0.00029835     0.00051731     0.00085570
    1350      850     0.00022497     0.00011192     0.00017379     0.00029207     0.00050862     0.00083777
    1350      900     0.00022466     0.00011257     0.00017489     0.00029386     0.00050715     0.00083940
    1350      950     0.00023276     0.00011798     0.00018228     0.00030477     0.00053090     0.00087446
    1350     1000     0.00024306     0.00012183     0.00018803     0.00031457     0.00054557     0.00090221
    1350     1050     0.00026887     0.00013699     0.00020876     0.00035048     0.00060478     0.00100079
    1350     1100     0.00034928     0.00017711     0.00026986     0.00045288     0.00078145     0.00129797
    1350     1150     0.00062395     0.00030871     0.00047041     0.00078974     0.00137531     0.00228101
    1350     1167     0.00082584     0.00042873     0.00065005     0.00107499     0.00185403     0.00305802
    1350     1183     0.00072469     0.00036577     0.00056238     0.00093730     0.00162541     0.00268844
    1350     1200     0.00065976     0.00033590     0.00051337     0.00085228     0.00146993     0.00241546
    1350     1250     0.00083884     0.00042586     0.00064968     0.00107851     0.00184308     0.00300973
    1400       50     0.00000000     0.00000000     0.00000000     0.00000000     0.00000000     0.00000000
    1400      100     0.00494277     0.00276836     0.00384234     0.00576046     0.00892952     0.01355904
    1400      150     0.00315169     0.00171066     0.00240086     0.00359032     0.00557964     0.00845783
    1400      200     0.00208711     0.00110044     0.00155082     0.00232778     0.00362633     0.00548747
    1400      250     0.00148413     0.00079128     0.00110328     0.00166003     0.00259278     0.00395480
    1400      300     0.00105633     0.00058505     0.00083063     0.00126907     0.00200767     0.00309267
    1400      350     0.00077173     0.00041317     0.00060121     0.00093642     0.00151136     0.00233604
    1400      400     0.00064402     0.00033966     0.00049828     0.00079060     0.00128887     0.00202964
    1400      450     0.00055950     0.00028728     0.00043029     0.00069415     0.00114242     0.00180856
    1400      500     0.00042779     0.00021602     0.00032805     0.00054219     0.00091846     0.00147246
    1400      550     0.00035890     0.00017698     0.00027212     0.00045329     0.00077527     0.00125634
    1400      600     0.00032815     0.00016223     0.00025090     0.00041984     0.00071777     0.00116750
    1400      650     0.00029569     0.00015044     0.00023135     0.00038570     0.00065896     0.00107618
    1400      700     0.00027408     0.00013497     0.00020962     0.00035230     0.00060793     0.00100265
    1400      750     0.00024939     0.00012419     0.00019287     0.00032416     0.00056214     0.00092634
    1400      800     0.00024154     0.00011944     0.00018582     0.00031228     0.00054388     0.00089565
    1400      850     0.00022695     0.00011456     0.00017799     0.00029907     0.00051855     0.00085162
    1400      900     0.00023182     0.00011679     0.00018122     0.00030481     0.00053084     0.00087416
    1400      950     0.00022656     0.00011328     0.00017610     0.00029581     0.00051520     0.00084860
    1400     1000     0.00023307     0.00011667     0.00018113     0.00030458     0.00053035     0.00087356
    1400     1050     0.00023630     0.00011930     0.00018414     0.00030806     0.00053427     0.00088353
    1400     1100     0.00028181     0.00014307     0.00021814     0.00036670     0.00063240     0.00105059
    1400     1150     0.00034895     0.00017764     0.00027147     0.00045016     0.00078066     0.00128670
    1400     1200     0.00059616     0.00030185     0.00045781     0.00076554     0.00132732     0.00219515
    1400     1217     0.00085434     0.00042833     0.00065298     0.00109644     0.00191004     0.00316827
    1400     1233     0.00075465     0.00038327     0.00058443     0.00097009     0.00167474     0.00277219
    1400     1250     0.00070545     0.00035577     0.00054632     0.00091020     0.00157105     0.00259173
    1400     1300     0.00079414     0.00040939     0.00062451     0.00103674     0.00177213     0.00290363
    1450       50     0.01083388     0.00555507     0.00781741     0.01184932     0.01869609     0.02898865
    1450      100     0.00514754     0.00272674     0.00380881     0.00567523     0.00881878     0.01343246
    1450      150     0.00336652     0.00177519     0.00246437     0.00369457     0.00574094     0.00870268
    1450      200     0.00210526     0.00113311     0.00158033     0.00237724     0.00369432     0.00559976
    1450      250     0.00167591     0.00089645     0.00126155     0.00191172     0.00299411     0.00455859
    1450      300     0.00106401     0.00058469     0.00083461     0.00127942     0.00202917     0.00311975
    1450      350     0.00086551     0.00046146     0.00066805     0.00103644     0.00166448     0.00258218
    1450      400     0.00069626     0.00036637     0.00054149     0.00085316     0.00139041     0.00217063
    1450      450     0.00057600     0.00030396     0.00045076     0.00072072     0.00118641     0.00186981
    1450      500     0.00046467     0.00023997     0.00036338     0.00059089     0.00098160     0.00156084
    1450      550     0.00042433     0.00021039     0.00031936     0.00052797     0.00089359     0.00143268
    1450      600     0.00034675     0.00017414     0.00026961     0.00044566     0.00076186     0.00123004
    1450      650     0.00030570     0.00015403     0.00023645     0.00039419     0.00067388     0.00109611
    1450      700     0.00028318     0.00014046     0.00021846     0.00036712     0.00063335     0.00103693
    1450      750     0.00026083     0.00012845     0.00019949     0.00033528     0.00058143     0.00095472
    1450      800     0.00024070     0.00012022     0.00018689     0.00031432     0.00054215     0.00089431
    1450      850     0.00023404     0.00011679     0.00017996     0.00030514     0.00053125     0.00087811
    1450      900     0.00022526     0.00011218     0.00017316     0.00029330     0.00051082     0.00084121
    1450      950     0.00021965     0.00010971     0.00017041     0.00028631     0.00049634     0.00082090
    1450     1000     0.00021610     0.00010725     0.00016666     0.00028004     0.00048775     0.00080634
    1450     1050     0.00022994     0.00011600     0.00017924     0.00030010     0.00052262     0.00086369
    1450     1100     0.00024063     0.00012309     0.00018726     0.00031472     0.00054573     0.00090245
    1450     1150     0.00027862     0.00014072     0.00021608     0.00036001     0.00062420     0.00103271
    1450     1200     0.00033471     0.00016713     0.00025708     0.00042832     0.00073883     0.00122697
    1450     1250     0.00063465     0.00031501     0.00048363     0.00080512     0.00138974     0.00229121
    1450     1267     0.00083536     0.00043116     0.00065531     0.00108279     0.00186793     0.00308055
    1450     1283     0.00074787     0.00037786     0.00057744     0.00095754     0.00165271     0.00273584
    1450     1300     0.00068405     0.00035708     0.00054288     0.00089685     0.00153315     0.00251303
    1450     1350     0.00081106     0.00042997     0.00065329     0.00107993     0.00182877     0.00299869
    1500       50     0.01087009     0.00541985     0.00766192     0.01165997     0.01863226     0.02901322
    1500      100     0.00500036     0.00266438     0.00372393     0.00554769     0.00859830     0.01305545
    1500      150     0.00358247     0.00190391     0.00266085     0.00396383     0.00612921     0.00923065
    1500      200     0.00208333     0.00117852     0.00165185     0.00249390     0.00388598     0.00587953
    1500      250     0.00152028     0.00083657     0.00117250     0.00177030     0.00275854     0.00419410
    1500      300     0.00124207     0.00070035     0.00099009     0.00150699     0.00236598     0.00363017
    1500      350     0.00089693     0.00048896     0.00070409     0.00108805     0.00173857     0.00268307
    1500      400     0.00073772     0.00038823     0.00056676     0.00089577     0.00145986     0.00227906
    1500      450     0.00061880     0.00032216     0.00047780     0.00076399     0.00125727     0.00196519
    1500      500     0.00048836     0.00024675     0.00037375     0.00060767     0.00101949     0.00162117
    1500      550     0.00042906     0.00021793     0.00033346     0.00054640     0.00091656     0.00146976
    1500      600     0.00035727     0.00018001     0.00027455     0.00045574     0.00077204     0.00124709
    1500      650     0.00030730     0.00015596     0.00024088     0.00040345     0.00069291     0.00113073
    1500      700     0.00030577     0.00015273     0.00023621     0.00039526     0.00067889     0.00110798
    1500      750     0.00025955     0.00012964     0.00020161     0.00033879     0.00058717     0.00096415
    1500      800     0.00023996     0.00011938     0.00018425     0.00031207     0.00054093     0.00089158
    1500      850     0.00023154     0.00011339     0.00017644     0.00029890     0.00052069     0.00085746
    1500      900     0.00022400     0.00011165     0.00017343     0.00029149     0.00050771     0.00083627
    1500      950     0.00020816     0.00010440     0.00016222     0.00027288     0.00047500     0.00078239
    1500     1000     0.00021376     0.00010591     0.00016349     0.00027692     0.00048229     0.00080003
    1500     1050     0.00021320     0.00010660     0.00016574     0.00027876     0.00048531     0.00080510
    1500     1100     0.00022662     0.00011503     0.00017785     0.00029765     0.00051605     0.00085054
    1500     1150     0.00023686     0.00012127     0.00018638     0.00031063     0.00053853     0.00088739
    1500     1200     0.00026202     0.00013203     0.00020398     0.00034144     0.00059464     0.00098258
    1500     1250     0.00035861     0.00018083     0.00027762     0.00046253     0.00079821     0.00131626
    1500     1300     0.00063176     0.00032238     0.00048790     0.00081635     0.00140911     0.00234072
    1500     1317     0.00081373     0.00042051     0.00063759     0.00105438     0.00181849     0.00300931
    1500     1333     0.00075093     0.00037609     0.00057526     0.00095382     0.00164661     0.00271549
    1500     1350     0.00064722     0.00034023     0.00051719     0.00085448     0.00146748     0.00241289
    1500     1400     0.00080170     0.00041443     0.00063372     0.00105117     0.00179654     0.00294427
    1550       50     0.01444330     0.00758299     0.01076886     0.01644846     0.02628599     0.04093795
    1550      100     0.00478193     0.00263508     0.00368286     0.00548640     0.00850492     0.01291231
    1550      150     0.00328430     0.00179784     0.00249640     0.00374188     0.00578476     0.00873332
    1550      200     0.00212007     0.00116292     0.00161577     0.00242113     0.00376283     0.00570328
    1550      250     0.00171319     0.00092018     0.00128953     0.00194707     0.00305704     0.00464498
    1550      300     0.00132368     0.00073573     0.00103508     0.00156928     0.00246356     0.00376198
    1550      350     0.00103887     0.00055567     0.00079632     0.00122599     0.00194936     0.00299155
    1550      400     0.00084100     0.00044964     0.00065085     0.00100946     0.00161309     0.00251195
    1550      450     0.00061532     0.00031837     0.00047167     0.00075476     0.00124197     0.00195767
    1550      500     0.00053906     0.00027996     0.00041713     0.00066981     0.00110780     0.00175354
    1550      550     0.00044138     0.00022800     0.00034242     0.00056081     0.00094081     0.00149619
    1550      600     0.00037341     0.00018854     0.00028808     0.00047825     0.00080981     0.00130796
    1550      650     0.00033617     0.00016756     0.00025711     0.00042887     0.00073286     0.00119217
    1550      700     0.00030096     0.00015177     0.00023330     0.00038861     0.00066734     0.00108947
    1550      750     0.00026859     0.00013258     0.00020586     0.00034609     0.00059728     0.00098159
    1550      800     0.00025374     0.00012661     0.00019693     0.00033093     0.00057625     0.00094896
    1550      850     0.00024276     0.00011981     0.00018637     0.00031319     0.00054288     0.00089479
    1550      900     0.00022090     0.00010913     0.00017051     0.00028800     0.00050142     0.00082881
    1550      950     0.00022339     0.00011205     0.00017263     0.00029239     0.00050923     0.00083859
    1550     1000     0.00020708     0.00010292     0.00016081     0.00027162     0.00047289     0.00078435
    1550     1050     0.00021847     0.00011016     0.00017116     0.00028758     0.00049863     0.00082472
    1550     1100     0.00021219     0.00010588     0.00016317     0.00027668     0.00048168     0.00079888
    1550     1150     0.00022414     0.00011207     0.00017425     0.00029306     0.00051021     0.00084039
    1550     1200     0.00022696     0.00011609     0.00017948     0.00030023     0.00052033     0.00086063
    1550     1250     0.00026433     0.00013406     0.00020580     0.00034288     0.00059438     0.00098333
    1550     1300     0.00034097     0.00016976     0.00026069     0.00043432     0.00075304     0.00124153
    1550     1350     0.00061291     0.00030769     0.00047223     0.00078733     0.00135828     0.00225667
    1550     1367     0.00078443     0.00038653     0.00059230     0.00099929     0.00174052     0.00288646
    1550     1383     0.00075588     0.00037970     0.00058361     0.00097268     0.00167817     0.00276804
    1550     1400     0.00070349     0.00036244     0.00055266     0.00091736     0.00156907     0.00258998
    1550     1450     0.00084234     0.00044569     0.00067235     0.00110714     0.00187430     0.00306208
    1600        1     1.28899995     0.20387669     0.43875095     1.43025737     2.87840597     4.33778858
    1600       50     0.01417294     0.00750637     0.01061455     0.01614693     0.02567492     0.04013789
    1600      100     0.00608902     0.00319045     0.00445953     0.00664233     0.01032265     0.01564768
    1600      150     0.00389229     0.00213814     0.00296896     0.00444907     0.00686125     0.01037652
    1600      200     0.00235663     0.00129250     0.00180230     0.00271103     0.00422431     0.00639143
    1600      250     0.00176140     0.00093973     0.00131641     0.00198821     0.00310567     0.00471388
    1600      300     0.00135270     0.00075163     0.00106259     0.00161733     0.00254558     0.00389886
    1600      350     0.00104165     0.00056503     0.00080996     0.00124686     0.00198211     0.00305638
    1600      400     0.00082090     0.00045030     0.00065530     0.00102059     0.00164667     0.00254550
    1600      450     0.00065876     0.00034376     0.00051327     0.00081497     0.00133512     0.00209473
    1600      500     0.00056020     0.00028964     0.00043382     0.00069972     0.00115177     0.00183071
    1600      550     0.00047653     0.00024523     0.00037099     0.00060319     0.00100696     0.00160790
    1600      600     0.00040540     0.00020602     0.00031520     0.00051695     0.00087536     0.00140323
    1600      650     0.00035116     0.00017736     0.00027098     0.00044952     0.00076830     0.00124033
    1600      700     0.00032678     0.00016236     0.00024955     0.00041568     0.00071053     0.00115573
    1600      750     0.00027791     0.00013627     0.00021204     0.00035622     0.00061462     0.00100618
    1600      800     0.00027120     0.00013405     0.00020825     0.00034989     0.00060366     0.00099570
    1600      850     0.00024672     0.00012076     0.00018859     0.00031857     0.00055466     0.00092002
    1600      900     0.00022959     0.00011541     0.00017936     0.00030138     0.00052264     0.00085833
    1600      950     0.00020289     0.00010035     0.00015701     0.00026493     0.00046144     0.00076528
    1600     1000     0.00022144     0.00011050     0.00017054     0.00028885     0.00050292     0.00083151
    1600     1050     0.00021066     0.00010554     0.00016262     0.00027549     0.00047990     0.00079028
    1600     1100     0.00021078     0.00010606     0.00016473     0.00027676     0.00048201     0.00079952
    1600     1150     0.00020709     0.00010376     0.00016145     0.00027124     0.00047230     0.00077777
    1600     1200     0.00023239     0.00011569     0.00017828     0.00030195     0.00052586     0.00086597
    1600     1250     0.00023637     0.00012037     0.00018491     0.00030818     0.00053409     0.00088326
    1600     1300     0.00027336     0.00013760     0.00020969     0.00035204     0.00061004     0.00100929
    1600     1350     0.00034239     0.00016886     0.00025866     0.00043641     0.00075260     0.00125028
    1600     1400     0.00057597     0.00028923     0.00044420     0.00074089     0.00128371     0.00212322
    1600     1417     0.00078551     0.00039465     0.00060143     0.00100995     0.00175007     0.00289492
    1600     1433     0.00070268     0.00036248     0.00055384     0.00091936     0.00158660     0.00261633
    1600     1450     0.00066949     0.00034762     0.00053001     0.00087978     0.00151171     0.00248483
    1600     1500     0.00083388     0.00043308     0.00066211     0.00109831     0.00187701     0.00307630
    1650       50     0.01603510     0.00860182     0.01204905     0.01819692     0.02863596     0.04427505
    1650      100     0.00591282     0.00322023     0.00446951     0.00670072     0.01041309     0.01578408
    1650      150     0.00348607     0.00180329     0.00252920     0.00378304     0.00586320     0.00890312
    1650      200     0.00219691     0.00117194     0.00163505     0.00245947     0.00382201     0.00579311
    1650      250     0.00182598     0.00101252     0.00141812     0.00214221     0.00333725     0.00504906
    1650      300     0.00135229     0.00076644     0.00107873     0.00163538     0.00256095     0.00389894
    1650      350     0.00116946     0.00064002     0.00091758     0.00141240     0.00225738     0.00348324
    1650      400     0.00090745     0.00048164     0.00069727     0.00108177     0.00172866     0.00269194
    1650      450     0.00072205     0.00037368     0.00055175     0.00086948     0.00141714     0.00221270
    1650      500     0.00058896     0.00031414     0.00046081     0.00073110     0.00119116     0.00186820
    1650      550     0.00050245     0.00025192     0.00038344     0.00062656     0.00105074     0.00168471
    1650      600     0.00044495     0.00022849     0.00034826     0.00056857     0.00095339     0.00152870
    1650      650     0.00037929     0.00018880     0.00028722     0.00047433     0.00080336     0.00129754
    1650      700     0.00032960     0.00016276     0.00025128     0.00042051     0.00072253     0.00117913
    1650      750     0.00029717     0.00014520     0.00022589     0.00037963     0.00065500     0.00107263
    1650      800     0.00027604     0.00013787     0.00021292     0.00035661     0.00061519     0.00100699
    1650      850     0.00025106     0.00012404     0.00019188     0.00032410     0.00056426     0.00092921
    1650      900     0.00022451     0.00011070     0.00017292     0.00029181     0.00050835     0.00084311
    1650      950     0.00022907     0.00011307     0.00017694     0.00029858     0.00051998     0.00086258
    1650     1000     0.00022533     0.00011120     0.00017380     0.00029358     0.00051123     0.00084505
    1650     1050     0.00021474     0.00010694     0.00016475     0.00027908     0.00048600     0.00080333
    1650     1100     0.00021441     0.00010765     0.00016586     0.00028098     0.00048946     0.00080603
    1650     1150     0.00021630     0.00010749     0.00016563     0.00028058     0.00048877     0.00081059
    1650     1200     0.00020998     0.00010299     0.00016122     0.00027199     0.00047356     0.00078843
    1650     1250     0.00021994     0.00010937     0.00017007     0.00028595     0.00049770     0.00081978
    1650     1300     0.00023116     0.00011495     0.00017878     0.00030059     0.00052336     0.00086795
    1650     1350     0.00027248     0.00013641     0.00021076     0.00035278     0.00061158     0.00101135
    1650     1400     0.00034048     0.00017315     0.00026384     0.00044281     0.00076389     0.00126005
    1650     1450     0.00058197     0.00028807     0.00044122     0.00074460     0.00129011     0.00213389
    1650     1467     0.00077518     0.00038640     0.00058909     0.00098971     0.00171511     0.00283757
    1650     1483     0.00072745     0.00037305     0.00056725     0.00093701     0.00161728     0.00266840
    1650     1500     0.00068046     0.00035664     0.00053780     0.00089557     0.00153867     0.00252935
    1650     1550     0.00077820     0.00040216     0.00061771     0.00103013     0.00176821     0.00290751
    1700       50     0.02138654     0.01051615     0.01487021     0.02262634     0.03616081     0.05682413
    1700      100     0.00611584     0.00329550     0.00460604     0.00686180     0.01066313     0.01616074
    1700      150     0.00393192     0.00211634     0.00293944     0.00440521     0.00681122     0.01036166
    1700      200     0.00273585     0.00148872     0.00208936     0.00312397     0.00484198     0.00735301
    1700      250     0.00187037     0.00101681     0.00143339     0.00215114     0.00336005     0.00512417
    1700      300     0.00156787     0.00087965     0.00124529     0.00187588     0.00293040     0.00446912
    1700      350     0.00129894     0.00071186     0.00101153     0.00154459     0.00243134     0.00372416
    1700      400     0.00088562     0.00048689     0.00070156     0.00108385     0.00173196     0.00267285
    1700      450     0.00071691     0.00038212     0.00055866     0.00087358     0.00141713     0.00220164
    1700      500     0.00060573     0.00031944     0.00047311     0.00075671     0.00124551     0.00196324
    1700      550     0.00049018     0.00025228     0.00038200     0.00062118     0.00103699     0.00165564
    1700      600     0.00045014     0.00022888     0.00035022     0.00057386     0.00096262     0.00154933
    1700      650     0.00038564     0.00019366     0.00029599     0.00049135     0.00083597     0.00135523
    1700      700     0.00034185     0.00017166     0.00026392     0.00043962     0.00075169     0.00121815
    1700      750     0.00029122     0.00014324     0.00022256     0.00037438     0.00064577     0.00105745
    1700      800     0.00027329     0.00013500     0.00021004     0.00035298     0.00060902     0.00100445
    1700      850     0.00025559     0.00012447     0.00019471     0.00032855     0.00056960     0.00093857
    1700      900     0.00024082     0.00011793     0.00018421     0.00031087     0.00053895     0.00089157
    1700      950     0.00022491     0.00011069     0.00017319     0.00029225     0.00050901     0.00084417
    1700     1000     0.00021366     0.00010694     0.00016642     0.00027960     0.00048679     0.00080761
    1700     1050     0.00020205     0.00009869     0.00015533     0.00026337     0.00045841     0.00076324
    1700     1100     0.00021986     0.00010993     0.00016941     0.00028728     0.00050009     0.00082371
    1700     1150     0.00020594     0.00010024     0.00015749     0.00026710     0.00046738     0.00077727
    1700     1200     0.00020071     0.00010036     0.00015465     0.00026200     0.00045634     0.00075699
    1700     1250     0.00021371     0.00010707     0.00016496     0.00027943     0.00048661     0.00080717
    1700     1300     0.00021245     0.00010729     0.00016684     0.00028051     0.00048823     0.00080419
    1700     1350     0.00023696     0.00011835     0.00018377     0.00030903     0.00053827     0.00088639
    1700     1400     0.00026883     0.00013650     0.00021006     0.00034997     0.00060666     0.00100327
    1700     1450     0.00036277     0.00017986     0.00027613     0.00046004     0.00079393     0.00131427
    1700     1500     0.00057375     0.00029013     0.00044535     0.00074198     0.00127998     0.00211948
    1700     1517     0.00081339     0.00041761     0.00063324     0.00105904     0.00183695     0.00303793
    1700     1533     0.00072279     0.00036715     0.00056380     0.00093931     0.00162863     0.00269450
    1700     1550     0.00067289     0.00035157     0.00053309     0.00088153     0.00150643     0.00246933
    1700     1600     0.00084495     0.00045257     0.00068406     0.00112506     0.00190519     0.00310086
    1750        1     3.44928325     0.48191189     0.96852744     2.97314404     5.98348981     9.01714009
    1750       50     0.01551483     0.00896801     0.01267600     0.01929054     0.03082649     0.04844082
    1750      100     0.00612121     0.00322287     0.00447621     0.00670983     0.01042732     0.01580549
    1750      150     0.00420543     0.00227953     0.00316632     0.00474585     0.00735724     0.01117097
    1750      200     0.00276091     0.00150890     0.00209546     0.00314016     0.00486851     0.00739177
    1750      250     0.00218243     0.00118917     0.00165854     0.00249590     0.00387845     0.00587858
    1750      300     0.00153521     0.00085369     0.00120130     0.00182152     0.00285260     0.00434282
    1750      350     0.00127408     0.00070320     0.00099919     0.00152616     0.00239589     0.00367625
    1750      400     0.00106669     0.00057120     0.00081919     0.00126081     0.00201449     0.00309429
    1750      450     0.00075860     0.00041156     0.00059773     0.00094084     0.00151851     0.00236824
    1750      500     0.00062441     0.00032231     0.00047757     0.00076411     0.00125767     0.00198264
    1750      550     0.00053846     0.00027664     0.00041435     0.00066857     0.00111095     0.00175189
    1750      600     0.00046645     0.00023000     0.00035209     0.00057736     0.00096857     0.00155883
    1750      650     0.00038104     0.00019384     0.00029430     0.00048637     0.00082361     0.00132989
    1750      700     0.00034120     0.00016900     0.00025971     0.00043261     0.00073944     0.00120287
    1750      750     0.00031236     0.00015370     0.00023906     0.00040173     0.00069306     0.00113469
    1750      800     0.00029160     0.00014458     0.00022464     0.00037744     0.00065139     0.00107022
    1750      850     0.00026039     0.00012838     0.00019970     0.00033560     0.00058432     0.00096245
    1750      900     0.00024108     0.00011774     0.00018419     0.00031079     0.00054115     0.00089135
    1750      950     0.00023172     0.00011193     0.00017586     0.00029827     0.00052191     0.00086491
    1750     1000     0.00022017     0.00010846     0.00016941     0.00028589     0.00049804     0.00082601
    1750     1050     0.00022454     0.00011069     0.00017326     0.00029231     0.00050894     0.00083829
    1750     1100     0.00020359     0.00009863     0.00015494     0.00026277     0.00045965     0.00076455
    1750     1150     0.00020343     0.00010061     0.00015594     0.00026520     0.00046199     0.00076622
    1750     1200     0.00021195     0.00010586     0.00016409     0.00027679     0.00048190     0.00079662
    1750     1250     0.00020987     0.00010285     0.00016075     0.00027154     0.00047284     0.00078702
    1750     1300     0.00020546     0.00010284     0.00015983     0.00026856     0.00046791     0.00077600
    1750     1350     0.00022069     0.00011120     0.00017293     0.00029074     0.00050384     0.00083328
    1750     1400     0.00024292     0.00012277     0.00018981     0.00031751     0.00055288     0.00091044
    1750     1450     0.00026854     0.00013553     0.00020942     0.00035036     0.00060448     0.00100025
    1750     1500     0.00033627     0.00016716     0.00025680     0.00042833     0.00074231     0.00122781
    1750     1550     0.00062229     0.00031411     0.00048221     0.00080396     0.00139399     0.00230577
    1750     1567     0.00082216     0.00042332     0.00064354     0.00106319     0.00183519     0.00301460
    1750     1583     0.00066744     0.00034005     0.00052276     0.00087126     0.00150384     0.00247965
    1750     1600     0.00067860     0.00035209     0.00053530     0.00088433     0.00151891     0.00249740
    1750     1650     0.00078089     0.00040498     0.00061910     0.00102698     0.00175459     0.00287652
