msbottom   mchi10            obs     exp-2sigma     exp-1sigma            exp     exp+1sigma     exp+2sigma
     400        1     0.24055981     0.10035009     0.15963877     0.28562722     0.53820500     0.86589513
     400       50     0.00075210     0.00038984     0.00057733     0.00092390     0.00150547     0.00232035
     400      100     0.00141839     0.00077279     0.00112601     0.00173497     0.00274416     0.00414804
     400      150     0.00330144     0.00184020     0.00261302     0.00399151     0.00620405     0.00926388
     400      200     0.01268595     0.00694238     0.00986784     0.01507463     0.02360051     0.03557969
     400      217     0.02120467     0.01203962     0.01717280     0.02633785     0.04156937     0.06353935
     400      233     0.01583137     0.00824663     0.01166465     0.01775197     0.02765878     0.04184082
     400      250     0.01352826     0.00771186     0.01085293     0.01645270     0.02556180     0.03836436
     400      300     0.01651718     0.01109420     0.01598252     0.02470894     0.03948848     0.06093218
     450        1     0.63466876     0.19916384     0.31301916     0.55433935     1.08461306     1.68094278
     450       50     0.00060222     0.00030216     0.00044852     0.00070946     0.00115659     0.00178990
     450      100     0.00085708     0.00044975     0.00065453     0.00101890     0.00162824     0.00247806
     450      150     0.00182226     0.00097402     0.00138355     0.00211305     0.00328328     0.00492743
     450      200     0.00360718     0.00191836     0.00272646     0.00416231     0.00650229     0.00977451
     450      250     0.01088539     0.00589761     0.00844836     0.01301373     0.02058476     0.03140516
     450      267     0.01964887     0.01004478     0.01433015     0.02195872     0.03483002     0.05355192
     450      283     0.01341999     0.00736162     0.01070781     0.01668400     0.02665213     0.04076484
     450      300     0.01376423     0.00796766     0.01131913     0.01729487     0.02701204     0.04079735
     450      350     0.01278745     0.00812586     0.01165398     0.01792797     0.02865601     0.04420529
     500        1     0.41095343     0.12537562     0.21031845     0.41146308     0.82802273     1.24781021
     500       50     0.00051194     0.00025627     0.00037568     0.00059616     0.00097184     0.00150423
     500      100     0.00068714     0.00035091     0.00051058     0.00079477     0.00127021     0.00194224
     500      150     0.00107664     0.00056140     0.00080562     0.00123970     0.00195597     0.00296187
     500      200     0.00187526     0.00097519     0.00139850     0.00215120     0.00337778     0.00508401
     500      250     0.00357492     0.00187231     0.00268119     0.00412926     0.00649933     0.00985930
     500      300     0.01075617     0.00552794     0.00792560     0.01219644     0.01933947     0.02973766
     500      317     0.01972425     0.01075723     0.01528070     0.02333664     0.03663532     0.05567226
     500      333     0.01352218     0.00681988     0.00983431     0.01518974     0.02414752     0.03706040
     500      350     0.01079607     0.00586548     0.00845244     0.01307566     0.02078531     0.03188874
     500      400     0.01227341     0.00811978     0.01168209     0.01824426     0.02943599     0.04590630
     550        1     0.73462118     0.25107306     0.38401436     0.65575187     1.26225346     1.98860887
     550       50     0.00046818     0.00023159     0.00033976     0.00053890     0.00087839     0.00135988
     550      100     0.00056241     0.00027756     0.00040574     0.00063432     0.00102373     0.00156843
     550      150     0.00083578     0.00043235     0.00061985     0.00095446     0.00150599     0.00228043
     550      200     0.00128565     0.00068053     0.00096673     0.00147736     0.00230781     0.00348533
     550      250     0.00205031     0.00108455     0.00154074     0.00235329     0.00368574     0.00555701
     550      300     0.00365053     0.00182971     0.00262446     0.00403901     0.00637582     0.00970014
     550      350     0.00833908     0.00434639     0.00629172     0.00976747     0.01560347     0.02407858
     550      367     0.01582288     0.00843221     0.01212755     0.01894751     0.03057569     0.04769693
     550      383     0.01300834     0.00719425     0.01030234     0.01586648     0.02515815     0.03868812
     550      400     0.00998321     0.00570469     0.00825742     0.01281159     0.02048177     0.03160353
     550      450     0.01057760     0.00687815     0.00999176     0.01573078     0.02564660     0.04003213
     600        1     0.58088222     0.20450535     0.32180585     0.57544324     1.14889220     1.74500353
     600       50     0.00045076     0.00022420     0.00032547     0.00051235     0.00082687     0.00128363
     600      100     0.00047659     0.00023138     0.00033837     0.00052911     0.00085393     0.00132001
     600      150     0.00067517     0.00033684     0.00048558     0.00075011     0.00119260     0.00181344
     600      200     0.00091044     0.00047379     0.00067593     0.00103618     0.00162298     0.00245862
     600      250     0.00138221     0.00070605     0.00100324     0.00153256     0.00240655     0.00365687
     600      300     0.00217930     0.00109170     0.00155869     0.00239027     0.00377077     0.00573910
     600      350     0.00350250     0.00173478     0.00249787     0.00385934     0.00616781     0.00951934
     600      400     0.01010242     0.00508668     0.00732851     0.01132975     0.01809780     0.02818603
     600      417     0.01877251     0.00931855     0.01347927     0.02091442     0.03359355     0.05211986
     600      433     0.01066417     0.00569251     0.00823664     0.01278429     0.02042730     0.03152610
     600      450     0.00819411     0.00466331     0.00675070     0.01045915     0.01688786     0.02610345
     600      500     0.01135471     0.00722097     0.01059075     0.01680706     0.02753386     0.04356649
     650        1     0.54088660     0.23470698     0.39379127     0.77006021     1.54980382     2.33554190
     650       50     0.00044097     0.00021821     0.00031916     0.00049876     0.00080497     0.00125529
     650      100     0.00042543     0.00020847     0.00030263     0.00047640     0.00076883     0.00118844
     650      150     0.00056649     0.00027790     0.00040224     0.00062404     0.00099216     0.00152280
     650      200     0.00077516     0.00039321     0.00056102     0.00086031     0.00135705     0.00205540
     650      250     0.00102986     0.00052573     0.00075030     0.00115098     0.00181159     0.00274783
     650      300     0.00141663     0.00071858     0.00103452     0.00159798     0.00254126     0.00389971
     650      350     0.00220771     0.00109018     0.00156103     0.00240308     0.00380390     0.00580256
     650      400     0.00370447     0.00187787     0.00270465     0.00417875     0.00664306     0.01019371
     650      450     0.00862036     0.00460568     0.00663000     0.01025069     0.01637801     0.02527689
     650      467     0.01438955     0.00781261     0.01125388     0.01739236     0.02778259     0.04287634
     650      483     0.01152212     0.00609131     0.00866911     0.01343942     0.02147554     0.03343800
     650      500     0.00848915     0.00471120     0.00688127     0.01087286     0.01772041     0.02801983
     650      550     0.01047441     0.00657500     0.00959854     0.01517769     0.02472824     0.03911405
     700        1     1.96144469     0.46366611     0.79057356     1.69535059     3.41154332     5.14115495
     700       50     0.00043680     0.00021965     0.00031947     0.00049751     0.00080266     0.00124083
     700      100     0.00040260     0.00019495     0.00028492     0.00044551     0.00071523     0.00110991
     700      150     0.00052254     0.00025661     0.00036954     0.00057119     0.00091250     0.00139547
     700      200     0.00065242     0.00032376     0.00046424     0.00071482     0.00113070     0.00172530
     700      250     0.00090933     0.00045395     0.00064461     0.00098483     0.00154582     0.00234907
     700      300     0.00106527     0.00055859     0.00080108     0.00123339     0.00196087     0.00300909
     700      350     0.00144618     0.00073400     0.00105791     0.00163486     0.00259243     0.00398626
     700      400     0.00210369     0.00109437     0.00157777     0.00243715     0.00389407     0.00595524
     700      450     0.00348743     0.00176113     0.00252999     0.00395165     0.00634817     0.00984721
     700      500     0.00817207     0.00390005     0.00566409     0.00891601     0.01452937     0.02308468
     700      517     0.01300770     0.00684536     0.00998724     0.01578531     0.02584844     0.04090520
     700      533     0.00984387     0.00513094     0.00750308     0.01173532     0.01902940     0.02983467
     700      550     0.00872450     0.00478690     0.00699284     0.01093045     0.01781299     0.02781694
     700      600     0.01140297     0.00767205     0.01120592     0.01770876     0.02899350     0.04587463
     750        1     0.25560706     0.07698246     0.14100278     0.31804664     0.63988707     0.96441478
     750       50     0.00043755     0.00021971     0.00031595     0.00049325     0.00078821     0.00122741
     750      100     0.00039011     0.00018645     0.00027271     0.00042617     0.00068782     0.00107260
     750      150     0.00045909     0.00022118     0.00032042     0.00049691     0.00079395     0.00122530
     750      200     0.00056321     0.00027975     0.00039855     0.00061762     0.00097942     0.00149192
     750      250     0.00073594     0.00036479     0.00052079     0.00079865     0.00125990     0.00190811
     750      300     0.00097480     0.00048830     0.00069697     0.00106861     0.00168680     0.00257801
     750      350     0.00114586     0.00056957     0.00082495     0.00127943     0.00204474     0.00312676
     750      400     0.00150757     0.00074927     0.00108780     0.00171219     0.00276238     0.00428951
     750      450     0.00193311     0.00102813     0.00147964     0.00231035     0.00369031     0.00572116
     750      500     0.00359415     0.00168476     0.00244801     0.00381368     0.00612384     0.00950357
     750      550     0.00868749     0.00398537     0.00582555     0.00910941     0.01484854     0.02348011
     750      567     0.02214490     0.01003657     0.01457144     0.02292757     0.03755656     0.05992015
     750      583     0.00981761     0.00509676     0.00740473     0.01165349     0.01899703     0.02991617
     750      600     0.00892216     0.00455392     0.00667452     0.01059323     0.01734593     0.02745055
     750      650     0.00977860     0.00608720     0.00883261     0.01391213     0.02266249     0.03600909
     800        1     2.30376359     0.58573244     1.14638093     3.05980291     6.15789187     9.28018464
     800       50     0.00045183     0.00022602     0.00032519     0.00050781     0.00081539     0.00126513
     800      100     0.00035234     0.00017165     0.00025020     0.00039254     0.00063352     0.00098789
     800      150     0.00042388     0.00020830     0.00030155     0.00046793     0.00074745     0.00115357
     800      200     0.00050245     0.00024893     0.00035686     0.00054929     0.00087138     0.00132723
     800      250     0.00063364     0.00032264     0.00046033     0.00070591     0.00111350     0.00168651
     800      300     0.00072112     0.00037498     0.00053784     0.00082762     0.00131265     0.00200892
     800      350     0.00098424     0.00048497     0.00069528     0.00107062     0.00171050     0.00261549
     800      400     0.00119308     0.00060638     0.00087290     0.00134960     0.00215631     0.00329752
     800      450     0.00147601     0.00075488     0.00109787     0.00170937     0.00275804     0.00426357
     800      500     0.00219713     0.00106337     0.00154352     0.00243093     0.00396188     0.00618415
     800      550     0.00349338     0.00172618     0.00250564     0.00394465     0.00642820     0.01008252
     800      600     0.00909388     0.00425625     0.00620853     0.00981163     0.01607041     0.02532220
     800      617     0.01459784     0.00677988     0.01010495     0.01623604     0.02723308     0.04366376
     800      633     0.01011187     0.00502107     0.00734232     0.01147673     0.01853013     0.02915009
     800      650     0.00799437     0.00479662     0.00700161     0.01107717     0.01822508     0.02896784
     800      700     0.00736189     0.00433925     0.00654597     0.01077395     0.01842328     0.03018933
     850        1     2.36520089     0.39917138     0.85136921     2.76179460     5.55783545     8.37597066
     850       50     0.00047215     0.00023779     0.00034281     0.00052960     0.00084616     0.00131185
     850      100     0.00034333     0.00016539     0.00024137     0.00038168     0.00061577     0.00096037
     850      150     0.00037889     0.00018396     0.00026694     0.00042028     0.00067832     0.00104852
     850      200     0.00046102     0.00022667     0.00032584     0.00050881     0.00081303     0.00124332
     850      250     0.00057999     0.00028831     0.00041127     0.00063053     0.00099492     0.00152101
     850      300     0.00070590     0.00035576     0.00051013     0.00078509     0.00123894     0.00189379
     850      350     0.00087239     0.00045325     0.00064630     0.00099148     0.00156433     0.00239108
     850      400     0.00099722     0.00051602     0.00074713     0.00115947     0.00187098     0.00287929
     850      450     0.00119011     0.00061979     0.00089719     0.00139283     0.00222503     0.00343357
     850      500     0.00155182     0.00079061     0.00114872     0.00180786     0.00293236     0.00457587
     850      550     0.00218427     0.00110765     0.00160657     0.00253041     0.00412265     0.00643583
     850      600     0.00379718     0.00171114     0.00250111     0.00390965     0.00634113     0.00993747
     850      650     0.00923263     0.00475034     0.00686491     0.01075900     0.01754201     0.02786171
     850      667     0.01233661     0.00581420     0.00857851     0.01366165     0.02270850     0.03640442
     850      683     0.00749749     0.00400249     0.00589841     0.00939341     0.01554078     0.02480971
     850      700     0.00938357     0.00471512     0.00698399     0.01116691     0.01856172     0.02975664
     850      750     0.00732864     0.00443717     0.00662884     0.01081224     0.01831774     0.02992206
     900        1     3.27812877     0.47710723     0.92941167     2.84045952     5.71619756     8.61442758
     900       50     0.00045502     0.00023086     0.00033259     0.00051397     0.00082132     0.00127339
     900      100     0.00033759     0.00016417     0.00023997     0.00037514     0.00060551     0.00094432
     900      150     0.00036950     0.00017914     0.00026062     0.00040592     0.00064870     0.00100091
     900      200     0.00044190     0.00021395     0.00030977     0.00048062     0.00076808     0.00118001
     900      250     0.00051876     0.00025738     0.00036890     0.00056788     0.00089593     0.00136958
     900      300     0.00062865     0.00031845     0.00045452     0.00069684     0.00109680     0.00167184
     900      350     0.00081356     0.00040855     0.00058276     0.00089359     0.00140340     0.00213251
     900      400     0.00088872     0.00045372     0.00065426     0.00101092     0.00160671     0.00246620
     900      450     0.00109813     0.00055781     0.00081136     0.00126338     0.00201878     0.00313003
     900      500     0.00124719     0.00060833     0.00088724     0.00140295     0.00227546     0.00353527
     900      550     0.00161534     0.00079045     0.00116472     0.00185637     0.00305552     0.00481608
     900      600     0.00202017     0.00101009     0.00148045     0.00234964     0.00386694     0.00606918
     900      650     0.00369629     0.00173018     0.00252346     0.00399036     0.00650356     0.01024089
     900      700     0.00914809     0.00424929     0.00613726     0.00962146     0.01568165     0.02490680
     900      717     0.01016941     0.00488233     0.00715906     0.01136680     0.01870294     0.02972401
     900      733     0.00977293     0.00479854     0.00703450     0.01116308     0.01828133     0.02892520
     900      750     0.00882461     0.00477685     0.00693901     0.01092810     0.01789225     0.02830914
     900      800     0.00949875     0.00614785     0.00892664     0.01405742     0.02312936     0.03676905
     950       50     0.00045964     0.00023458     0.00033789     0.00052223     0.00083460     0.00128776
     950      100     0.00033485     0.00016285     0.00023807     0.00037229     0.00060087     0.00093710
     950      150     0.00036012     0.00017710     0.00025626     0.00039753     0.00064161     0.00099181
     950      200     0.00041544     0.00020263     0.00029066     0.00044730     0.00071477     0.00109289
     950      250     0.00050534     0.00025231     0.00036154     0.00055661     0.00088047     0.00134360
     950      300     0.00059909     0.00030235     0.00042937     0.00065585     0.00102958     0.00156488
     950      350     0.00069530     0.00035094     0.00050085     0.00076773     0.00121163     0.00185231
     950      400     0.00080210     0.00040561     0.00058403     0.00090284     0.00144239     0.00220539
     950      450     0.00093033     0.00046245     0.00066897     0.00103798     0.00165888     0.00258311
     950      500     0.00107197     0.00053258     0.00077458     0.00120660     0.00194709     0.00300969
     950      550     0.00128084     0.00064367     0.00094405     0.00149800     0.00244206     0.00382953
     950      600     0.00161996     0.00077127     0.00113606     0.00181055     0.00297936     0.00473482
     950      650     0.00226027     0.00106190     0.00155233     0.00242659     0.00395333     0.00617309
     950      700     0.00422730     0.00187017     0.00268869     0.00419881     0.00677612     0.01066151
     950      750     0.00695069     0.00307810     0.00449342     0.00710264     0.01157435     0.01838611
     950      767     0.00989349     0.00505719     0.00742883     0.01197449     0.01999623     0.03219161
     950      783     0.00958375     0.00440912     0.00649958     0.01034928     0.01720217     0.02790477
     950      800     0.00748506     0.00391994     0.00570250     0.00911555     0.01500391     0.02394204
     950      850     0.01036791     0.00559398     0.00820061     0.01301358     0.02141920     0.03404228
    1000       50     0.00046603     0.00023731     0.00034193     0.00052830     0.00084821     0.00131592
    1000      100     0.00033790     0.00016555     0.00024204     0.00037852     0.00061070     0.00095251
    1000      150     0.00034715     0.00016997     0.00024721     0.00038498     0.00062110     0.00096016
    1000      200     0.00038532     0.00018728     0.00027111     0.00042070     0.00067201     0.00103714
    1000      250     0.00045955     0.00022934     0.00032887     0.00050615     0.00080279     0.00122858
    1000      300     0.00056587     0.00028407     0.00040537     0.00062155     0.00098318     0.00150019
    1000      350     0.00062494     0.00031945     0.00045574     0.00069863     0.00110251     0.00168524
    1000      400     0.00071225     0.00035912     0.00051455     0.00079211     0.00125968     0.00193308
    1000      450     0.00084942     0.00043064     0.00062046     0.00095856     0.00153216     0.00235311
    1000      500     0.00091554     0.00045741     0.00066858     0.00104511     0.00168649     0.00261850
    1000      550     0.00107953     0.00052969     0.00077630     0.00123210     0.00200840     0.00313591
    1000      600     0.00117754     0.00059885     0.00088345     0.00140759     0.00231594     0.00368084
    1000      650     0.00166261     0.00083784     0.00124124     0.00198598     0.00328438     0.00519850
    1000      700     0.00212978     0.00104617     0.00154234     0.00245744     0.00408169     0.00649232
    1000      750     0.00438783     0.00195528     0.00281129     0.00439091     0.00708519     0.01105117
    1000      800     0.00729054     0.00387654     0.00562392     0.00885437     0.01443424     0.02282606
    1000      817     0.01148026     0.00554185     0.00825825     0.01326476     0.02224672     0.03623519
    1000      833     0.01018432     0.00482514     0.00710185     0.01143979     0.01900073     0.03021567
    1000      850     0.01030194     0.00493009     0.00723610     0.01147704     0.01888984     0.03026969
    1000      900     0.00713414     0.00437062     0.00648790     0.01054391     0.01769506     0.02880867
    1050       50     0.00051878     0.00025856     0.00037070     0.00057082     0.00091200     0.00140744
    1050      100     0.00033045     0.00016290     0.00023706     0.00036921     0.00059570     0.00092503
    1050      150     0.00033935     0.00016432     0.00024016     0.00037551     0.00060584     0.00093658
    1050      200     0.00040108     0.00019429     0.00028140     0.00043649     0.00069744     0.00106633
    1050      250     0.00045894     0.00022378     0.00032100     0.00049398     0.00078344     0.00119881
    1050      300     0.00048694     0.00024590     0.00035102     0.00053811     0.00084930     0.00129827
    1050      350     0.00059433     0.00029887     0.00042457     0.00064864     0.00102355     0.00154991
    1050      400     0.00067596     0.00034245     0.00048890     0.00074974     0.00118573     0.00180952
    1050      450     0.00081614     0.00040834     0.00058527     0.00090083     0.00143917     0.00220083
    1050      500     0.00080939     0.00040370     0.00058997     0.00092274     0.00148885     0.00230088
    1050      550     0.00096054     0.00047778     0.00070174     0.00110156     0.00179583     0.00280366
    1050      600     0.00103700     0.00053191     0.00077999     0.00123815     0.00201813     0.00317917
    1050      650     0.00128436     0.00064338     0.00094952     0.00151277     0.00248860     0.00395592
    1050      700     0.00145039     0.00072519     0.00107232     0.00173428     0.00288194     0.00460142
    1050      750     0.00235147     0.00109381     0.00161303     0.00256839     0.00422757     0.00666442
    1050      800     0.00327090     0.00160519     0.00235618     0.00373715     0.00615028     0.00969167
    1050      850     0.00753662     0.00365918     0.00533470     0.00842895     0.01387920     0.02205779
    1050      867     0.01111191     0.00504384     0.00748846     0.01217479     0.02061984     0.03355796
    1050      883     0.00945778     0.00509057     0.00732390     0.01143795     0.01845443     0.02903340
    1050      900     0.00820845     0.00443321     0.00650420     0.01032259     0.01698859     0.02722489
    1050      950     0.00804312     0.00440564     0.00665742     0.01095763     0.01872963     0.03092988
    1100       50     0.00054135     0.00027399     0.00039274     0.00060459     0.00096615     0.00149113
    1100      100     0.00032062     0.00015851     0.00022908     0.00035912     0.00057959     0.00089975
    1100      150     0.00032807     0.00015691     0.00022799     0.00035881     0.00058181     0.00090405
    1100      200     0.00035691     0.00017396     0.00025196     0.00039082     0.00062446     0.00096357
    1100      250     0.00041982     0.00020803     0.00029826     0.00045889     0.00073335     0.00112144
    1100      300     0.00050298     0.00024928     0.00035755     0.00055023     0.00087284     0.00132931
    1100      350     0.00055636     0.00028090     0.00040075     0.00061442     0.00096969     0.00148257
    1100      400     0.00061716     0.00031667     0.00045397     0.00069840     0.00110492     0.00168614
    1100      450     0.00071142     0.00036164     0.00051855     0.00079805     0.00125940     0.00192506
    1100      500     0.00076313     0.00038664     0.00056234     0.00087548     0.00140554     0.00218122
    1100      550     0.00090542     0.00045763     0.00066413     0.00104536     0.00168679     0.00263079
    1100      600     0.00099175     0.00048357     0.00071205     0.00113456     0.00185843     0.00291617
    1100      650     0.00113714     0.00056002     0.00082463     0.00131393     0.00216250     0.00340914
    1100      700     0.00136149     0.00065585     0.00097163     0.00155339     0.00256995     0.00406747
    1100      750     0.00151111     0.00077568     0.00114417     0.00182231     0.00299899     0.00472531
    1100      800     0.00235738     0.00108963     0.00160511     0.00255854     0.00420976     0.00669077
    1100      850     0.00343249     0.00166404     0.00244059     0.00387297     0.00637230     0.01004298
    1100      900     0.00804540     0.00402270     0.00582431     0.00903494     0.01457959     0.02293691
    1100      917     0.01152565     0.00543977     0.00796166     0.01277617     0.02142561     0.03488957
    1100      933     0.00916537     0.00441902     0.00651600     0.01039287     0.01726689     0.02766999
    1100      950     0.00750481     0.00364921     0.00537532     0.00865867     0.01438108     0.02305851
    1100     1000     0.00938523     0.00545884     0.00817584     0.01318737     0.02211701     0.03574341
    1150       50     0.00057649     0.00029274     0.00041975     0.00064611     0.00102713     0.00158380
    1150      100     0.00033198     0.00016533     0.00023890     0.00037464     0.00060444     0.00094271
    1150      150     0.00032161     0.00015699     0.00022682     0.00035565     0.00057404     0.00089533
    1150      200     0.00035267     0.00017174     0.00024697     0.00038569     0.00061615     0.00095095
    1150      250     0.00040114     0.00019446     0.00028146     0.00043662     0.00069763     0.00107652
    1150      300     0.00048144     0.00023514     0.00033543     0.00051431     0.00081371     0.00124184
    1150      350     0.00054050     0.00026677     0.00038096     0.00058406     0.00092146     0.00140861
    1150      400     0.00062694     0.00031940     0.00045783     0.00070470     0.00111789     0.00170264
    1150      450     0.00065738     0.00032594     0.00047198     0.00073218     0.00117030     0.00179777
    1150      500     0.00076184     0.00038248     0.00055114     0.00085162     0.00136072     0.00209972
    1150      550     0.00077564     0.00039294     0.00057165     0.00088998     0.00143696     0.00222103
    1150      600     0.00089334     0.00044135     0.00065179     0.00102763     0.00167450     0.00261452
    1150      650     0.00097397     0.00048652     0.00071673     0.00114266     0.00187990     0.00296291
    1150      700     0.00097084     0.00049366     0.00073546     0.00118058     0.00196183     0.00314515
    1150      750     0.00137712     0.00068719     0.00101775     0.00162812     0.00267879     0.00425753
    1150      800     0.00151478     0.00073233     0.00109571     0.00176817     0.00293767     0.00470862
    1150      850     0.00218664     0.00104177     0.00155000     0.00251762     0.00422316     0.00682217
    1150      900     0.00319421     0.00143985     0.00212370     0.00338176     0.00556606     0.00877181
    1150      950     0.00775128     0.00372397     0.00551819     0.00882265     0.01466354     0.02360236
    1150      967     0.01076811     0.00513372     0.00746082     0.01174126     0.01923029     0.03068243
    1150      983     0.00760384     0.00353924     0.00531577     0.00870985     0.01475144     0.02418711
    1150     1000     0.00682629     0.00339748     0.00499592     0.00804863     0.01350215     0.02173256
    1150     1050     0.00890546     0.00495572     0.00744595     0.01219553     0.02066396     0.03389022
    1200        1     1.62883500     0.25135727     0.54385933     1.81186698     3.64617658     5.49469982
    1200       50     0.00058637     0.00030335     0.00043505     0.00066959     0.00106989     0.00165129
    1200      100     0.00034012     0.00016669     0.00024090     0.00037764     0.00060949     0.00095044
    1200      150     0.00032281     0.00015566     0.00022611     0.00035585     0.00057436     0.00088777
    1200      200     0.00034236     0.00016523     0.00024173     0.00037786     0.00060983     0.00094260
    1200      250     0.00039167     0.00019088     0.00027494     0.00042471     0.00067873     0.00103791
    1200      300     0.00045893     0.00022442     0.00032339     0.00049978     0.00079242     0.00121836
    1200      350     0.00050467     0.00024664     0.00035349     0.00054416     0.00086301     0.00131462
    1200      400     0.00058311     0.00029718     0.00042198     0.00064450     0.00101201     0.00153805
    1200      450     0.00064184     0.00032057     0.00045979     0.00070753     0.00111948     0.00170849
    1200      500     0.00073218     0.00036871     0.00052598     0.00080645     0.00127564     0.00194666
    1200      550     0.00076324     0.00037945     0.00054851     0.00086001     0.00138786     0.00214566
    1200      600     0.00087349     0.00043310     0.00063288     0.00098942     0.00159750     0.00249068
    1200      650     0.00089047     0.00044482     0.00065262     0.00103485     0.00168664     0.00265640
    1200      700     0.00099915     0.00049405     0.00072702     0.00117187     0.00192901     0.00306573
    1200      750     0.00115379     0.00055369     0.00082369     0.00132359     0.00219896     0.00351095
    1200      800     0.00134157     0.00065565     0.00097706     0.00156982     0.00260745     0.00416330
    1200      850     0.00163080     0.00081163     0.00119330     0.00192196     0.00319522     0.00512170
    1200      900     0.00213408     0.00105017     0.00155639     0.00251127     0.00417089     0.00666033
    1200      950     0.00319776     0.00152261     0.00223066     0.00354028     0.00582851     0.00926517
    1200     1000     0.00831066     0.00372990     0.00541677     0.00852832     0.01389562     0.02216670
    1200     1017     0.01244357     0.00502076     0.00755469     0.01223634     0.02061997     0.03357221
    1200     1033     0.00869402     0.00432719     0.00634214     0.01006154     0.01664152     0.02667664
    1200     1050     0.00655833     0.00369167     0.00546667     0.00875000     0.01453333     0.02330000
    1200     1100     0.00786287     0.00474846     0.00709438     0.01157589     0.01960055     0.03190449
    1250       50     0.00062968     0.00032276     0.00046051     0.00070600     0.00111972     0.00172176
    1250      100     0.00035002     0.00017307     0.00024877     0.00038852     0.00062709     0.00096935
    1250      150     0.00031182     0.00015284     0.00022185     0.00034932     0.00056376     0.00087526
    1250      200     0.00034241     0.00016636     0.00024198     0.00037674     0.00060802     0.00093972
    1250      250     0.00037306     0.00018177     0.00026305     0.00040797     0.00065197     0.00100158
    1250      300     0.00043705     0.00021383     0.00030656     0.00047187     0.00074830     0.00114525
    1250      350     0.00049534     0.00024281     0.00034490     0.00052685     0.00082944     0.00126413
    1250      400     0.00054133     0.00027360     0.00039028     0.00059834     0.00094413     0.00144337
    1250      450     0.00063699     0.00032189     0.00045712     0.00069813     0.00110187     0.00168418
    1250      500     0.00067586     0.00034849     0.00049999     0.00076968     0.00122053     0.00187648
    1250      550     0.00074338     0.00037195     0.00053829     0.00083482     0.00133437     0.00205864
    1250      600     0.00078752     0.00039006     0.00057027     0.00089182     0.00143987     0.00223541
    1250      650     0.00085708     0.00042340     0.00062079     0.00098549     0.00160555     0.00250739
    1250      700     0.00093350     0.00046629     0.00069070     0.00110456     0.00181825     0.00286579
    1250      750     0.00109792     0.00054845     0.00080927     0.00128864     0.00212059     0.00334222
    1250      800     0.00111297     0.00054995     0.00081785     0.00132969     0.00221941     0.00355781
    1250      850     0.00124805     0.00061688     0.00092146     0.00150315     0.00252248     0.00407512
    1250      900     0.00169485     0.00083341     0.00123220     0.00199239     0.00331182     0.00530888
    1250      950     0.00233340     0.00107432     0.00159243     0.00254865     0.00423441     0.00673353
    1250     1000     0.00318742     0.00155543     0.00229313     0.00365370     0.00606862     0.00965272
    1250     1050     0.00741458     0.00359742     0.00527371     0.00836887     0.01377442     0.02207423
    1250     1067     0.01008492     0.00472988     0.00695086     0.01120363     0.01879611     0.03049330
    1250     1083     0.00914391     0.00438935     0.00649948     0.01040188     0.01744918     0.02819599
    1250     1100     0.00588619     0.00303804     0.00454588     0.00733261     0.01230851     0.01988126
    1250     1150     0.00811189     0.00437054     0.00660317     0.01086546     0.01857818     0.03045171
    1300        1     1.28896073     0.40337475     0.80487986     2.45873192     4.94815710     7.45705769
    1300       50     0.00059056     0.00030542     0.00043584     0.00066836     0.00106006     0.00162989
    1300      100     0.00035079     0.00017368     0.00025147     0.00039025     0.00062965     0.00097326
    1300      150     0.00030967     0.00015206     0.00021865     0.00034158     0.00055130     0.00085965
    1300      200     0.00033593     0.00016184     0.00023549     0.00036679     0.00059199     0.00091502
    1300      250     0.00038361     0.00018427     0.00026510     0.00041394     0.00066152     0.00102082
    1300      300     0.00043803     0.00021391     0.00030660     0.00047198     0.00074837     0.00114536
    1300      350     0.00047705     0.00023611     0.00033842     0.00052096     0.00082398     0.00125735
    1300      400     0.00051606     0.00026444     0.00037550     0.00057351     0.00090515     0.00137709
    1300      450     0.00062659     0.00031772     0.00045123     0.00068922     0.00107935     0.00164300
    1300      500     0.00069166     0.00034731     0.00049796     0.00076635     0.00121578     0.00186904
    1300      550     0.00068663     0.00034174     0.00049432     0.00076699     0.00122564     0.00189151
    1300      600     0.00071372     0.00036330     0.00052483     0.00082266     0.00132763     0.00205263
    1300      650     0.00082369     0.00041963     0.00061320     0.00095838     0.00154654     0.00241220
    1300      700     0.00088311     0.00043035     0.00063432     0.00101136     0.00166422     0.00260064
    1300      750     0.00102419     0.00049007     0.00072593     0.00116093     0.00191898     0.00303862
    1300      800     0.00105124     0.00051965     0.00077214     0.00125506     0.00210616     0.00336214
    1300      850     0.00120955     0.00060318     0.00089892     0.00144358     0.00239995     0.00384672
    1300      900     0.00131771     0.00064782     0.00097449     0.00157926     0.00264866     0.00427979
    1300      950     0.00161993     0.00073804     0.00109830     0.00178380     0.00299219     0.00479600
    1300     1000     0.00214440     0.00101556     0.00151663     0.00247460     0.00417169     0.00676531
    1300     1050     0.00351553     0.00161583     0.00236916     0.00375845     0.00618493     0.00991335
    1300     1100     0.00710190     0.00323910     0.00478003     0.00767844     0.01275722     0.02053524
    1300     1117     0.01267642     0.00589937     0.00865463     0.01372075     0.02258647     0.03619612
    1300     1133     0.00917056     0.00455526     0.00671657     0.01070149     0.01777828     0.02850228
    1300     1150     0.00000000     0.00000000     0.00000000     0.00000000     0.00000000     0.00000000
    1300     1200     0.00707857     0.00411902     0.00612409     0.00994844     0.01676436     0.02719325
    1350       50     0.00069855     0.00035878     0.00051196     0.00078519     0.00125451     0.00192698
    1350      100     0.00033907     0.00017058     0.00024812     0.00038656     0.00062370     0.00096406
    1350      150     0.00031219     0.00015325     0.00022141     0.00034712     0.00056022     0.00087364
    1350      200     0.00033333     0.00015981     0.00023362     0.00036533     0.00058964     0.00091146
    1350      250     0.00037498     0.00018349     0.00026568     0.00041207     0.00065830     0.00101600
    1350      300     0.00039397     0.00019342     0.00027728     0.00042698     0.00068213     0.00104309
    1350      350     0.00047205     0.00022944     0.00032903     0.00050641     0.00080303     0.00123469
    1350      400     0.00052701     0.00025926     0.00037018     0.00056761     0.00089772     0.00137006
    1350      450     0.00058035     0.00029306     0.00041831     0.00064115     0.00101204     0.00154679
    1350      500     0.00062226     0.00031934     0.00045547     0.00069854     0.00110511     0.00168649
    1350      550     0.00066445     0.00034344     0.00049252     0.00075830     0.00121179     0.00185299
    1350      600     0.00075487     0.00038248     0.00055354     0.00085846     0.00137216     0.00212703
    1350      650     0.00081589     0.00039172     0.00057196     0.00090361     0.00145815     0.00227404
    1350      700     0.00084381     0.00042456     0.00062471     0.00098862     0.00161106     0.00251552
    1350      750     0.00089707     0.00043993     0.00064868     0.00103399     0.00170137     0.00268149
    1350      800     0.00096273     0.00048279     0.00071942     0.00115546     0.00191973     0.00303989
    1350      850     0.00102865     0.00051070     0.00076515     0.00123330     0.00206002     0.00328879
    1350      900     0.00113105     0.00056405     0.00083476     0.00135057     0.00224439     0.00359792
    1350      950     0.00132548     0.00065275     0.00097135     0.00157748     0.00264652     0.00424176
    1350     1000     0.00160494     0.00077556     0.00115230     0.00187266     0.00314227     0.00503839
    1350     1050     0.00222454     0.00103132     0.00154299     0.00248837     0.00415528     0.00663365
    1350     1100     0.00393766     0.00184609     0.00272038     0.00433445     0.00716917     0.01144309
    1350     1150     0.00768930     0.00378584     0.00557217     0.00897575     0.01498164     0.02421468
    1350     1167     0.01084159     0.00483602     0.00716585     0.01146350     0.01923269     0.03108605
    1350     1183     0.00863905     0.00422387     0.00625929     0.01001640     0.01679602     0.02714146
    1350     1200     0.00668145     0.00351687     0.00517509     0.00833359     0.01398246     0.02268049
    1350     1250     0.00684027     0.00417249     0.00620059     0.01008232     0.01707524     0.02789174
    1400       50     0.00069287     0.00036311     0.00051823     0.00079457     0.00125992     0.00193733
    1400      100     0.00035700     0.00018244     0.00026244     0.00040993     0.00066141     0.00102235
    1400      150     0.00031502     0.00015519     0.00022532     0.00035464     0.00057217     0.00089249
    1400      200     0.00032224     0.00015976     0.00022974     0.00035883     0.00057915     0.00089516
    1400      250     0.00036348     0.00017835     0.00025728     0.00040065     0.00064328     0.00098900
    1400      300     0.00039902     0.00019563     0.00028121     0.00043922     0.00070192     0.00108304
    1400      350     0.00043516     0.00021217     0.00030574     0.00047251     0.00075109     0.00115273
    1400      400     0.00052457     0.00025784     0.00036793     0.00056432     0.00089512     0.00136347
    1400      450     0.00053722     0.00027179     0.00038770     0.00059438     0.00093789     0.00143383
    1400      500     0.00061019     0.00030957     0.00044151     0.00067696     0.00107087     0.00163442
    1400      550     0.00065398     0.00032463     0.00046556     0.00071678     0.00113955     0.00174917
    1400      600     0.00071836     0.00036344     0.00052339     0.00080875     0.00129239     0.00198520
    1400      650     0.00075204     0.00038224     0.00054930     0.00085801     0.00137757     0.00213772
    1400      700     0.00079515     0.00039620     0.00058086     0.00092193     0.00150210     0.00236615
    1400      750     0.00081196     0.00040137     0.00059129     0.00094268     0.00155088     0.00245512
    1400      800     0.00090208     0.00044478     0.00065508     0.00104438     0.00171915     0.00270893
    1400      850     0.00094323     0.00047889     0.00071242     0.00114497     0.00191100     0.00305142
    1400      900     0.00108321     0.00052120     0.00078087     0.00125849     0.00209222     0.00335349
    1400      950     0.00113744     0.00055521     0.00083432     0.00136753     0.00230589     0.00372444
    1400     1000     0.00126200     0.00062571     0.00093485     0.00152456     0.00257058     0.00416926
    1400     1050     0.00169775     0.00080661     0.00120490     0.00196566     0.00332959     0.00537692
    1400     1100     0.00206945     0.00101361     0.00150572     0.00244771     0.00410584     0.00663435
    1400     1150     0.00351995     0.00162690     0.00239543     0.00381606     0.00634457     0.01017060
    1400     1200     0.00494892     0.00254304     0.00374312     0.00602900     0.01001786     0.01612115
    1400     1217     0.01090919     0.00537910     0.00792709     0.01262672     0.02097848     0.03363351
    1400     1233     0.00944389     0.00471147     0.00684036     0.01077008     0.01772212     0.02840844
    1400     1250     0.00817160     0.00391367     0.00570744     0.00902319     0.01485142     0.02380213
    1400     1300     0.00650501     0.00363210     0.00550003     0.00920314     0.01602493     0.02676283
    1450        1     4.96964225     0.73124769     1.44851805     4.40425896     8.86349545    13.35744232
    1450       50     0.00072378     0.00037912     0.00053839     0.00082245     0.00130441     0.00200540
    1450      100     0.00035003     0.00017676     0.00025720     0.00040046     0.00064632     0.00100786
    1450      150     0.00030827     0.00015044     0.00021851     0.00034395     0.00055492     0.00086554
    1450      200     0.00031841     0.00015597     0.00022534     0.00035333     0.00057029     0.00088554
    1450      250     0.00033477     0.00016503     0.00023850     0.00037394     0.00060356     0.00093293
    1450      300     0.00039269     0.00018990     0.00027352     0.00042271     0.00067542     0.00103275
    1450      350     0.00043742     0.00021354     0.00030631     0.00047139     0.00074770     0.00114957
    1450      400     0.00048101     0.00024310     0.00034685     0.00053194     0.00084153     0.00128411
    1450      450     0.00053279     0.00026921     0.00038424     0.00058910     0.00092964     0.00142114
    1450      500     0.00059770     0.00030253     0.00042956     0.00065630     0.00103554     0.00158293
    1450      550     0.00061097     0.00031138     0.00044416     0.00068106     0.00107771     0.00164453
    1450      600     0.00066626     0.00033638     0.00048506     0.00074948     0.00119727     0.00184749
    1450      650     0.00075143     0.00037352     0.00053697     0.00083809     0.00134599     0.00208865
    1450      700     0.00075410     0.00038295     0.00055935     0.00088394     0.00143345     0.00224657
    1450      750     0.00081532     0.00040907     0.00059983     0.00095239     0.00155151     0.00242265
    1450      800     0.00082165     0.00040829     0.00060481     0.00096820     0.00159249     0.00253188
    1450      850     0.00093727     0.00046211     0.00068572     0.00109659     0.00181305     0.00287051
    1450      900     0.00092724     0.00046708     0.00069889     0.00112791     0.00188303     0.00300662
    1450      950     0.00103345     0.00050890     0.00076289     0.00124051     0.00208070     0.00336170
    1450     1000     0.00107422     0.00053103     0.00079785     0.00130715     0.00221363     0.00357554
    1450     1050     0.00119362     0.00059266     0.00088536     0.00144480     0.00242357     0.00391508
    1450     1100     0.00157958     0.00076085     0.00113024     0.00183733     0.00309714     0.00502268
    1450     1150     0.00000000     0.00000000     0.00000000     0.00000000     0.00000000     0.00000000
    1450     1200     0.00354949     0.00162262     0.00238056     0.00377901     0.00627967     0.00998395
    1450     1250     0.00716695     0.00327148     0.00480025     0.00761711     0.01253770     0.02009242
    1450     1267     0.00822247     0.00387620     0.00576420     0.00937068     0.01572056     0.02559985
    1450     1283     0.00680153     0.00337163     0.00503663     0.00820846     0.01390276     0.02281052
    1450     1300     0.00704691     0.00355236     0.00533818     0.00874922     0.01496104     0.02451966
    1450     1350     0.00685358     0.00392653     0.00593144     0.00976279     0.01668776     0.02755117
    1500        1     1.27133916     0.23438759     0.49914118     1.53822786     3.09590894     4.66545174
    1500       50     0.00070768     0.00037560     0.00053333     0.00081468     0.00129229     0.00198695
    1500      100     0.00037416     0.00018869     0.00027134     0.00042361     0.00068371     0.00106626
    1500      150     0.00030877     0.00015629     0.00022699     0.00035728     0.00057665     0.00089933
    1500      200     0.00031349     0.00015274     0.00022326     0.00034907     0.00056335     0.00087845
    1500      250     0.00033030     0.00016057     0.00023205     0.00036383     0.00058725     0.00091179
    1500      300     0.00037026     0.00018085     0.00026058     0.00040277     0.00064350     0.00099306
    1500      350     0.00042692     0.00020705     0.00029488     0.00045672     0.00072634     0.00111457
    1500      400     0.00045371     0.00022195     0.00031819     0.00048978     0.00077681     0.00118315
    1500      450     0.00049963     0.00025017     0.00035681     0.00054716     0.00086354     0.00132014
    1500      500     0.00055583     0.00028332     0.00040225     0.00061460     0.00096722     0.00146733
    1500      550     0.00059230     0.00029823     0.00042545     0.00065239     0.00102957     0.00157360
    1500      600     0.00062759     0.00031457     0.00045296     0.00070006     0.00111871     0.00171084
    1500      650     0.00074062     0.00036352     0.00052420     0.00080995     0.00129386     0.00199654
    1500      700     0.00073590     0.00037470     0.00053869     0.00084125     0.00134414     0.00208419
    1500      750     0.00079630     0.00039426     0.00057907     0.00090849     0.00147394     0.00230007
    1500      800     0.00079510     0.00040499     0.00059111     0.00093431     0.00152245     0.00238752
    1500      850     0.00088667     0.00043090     0.00064590     0.00104126     0.00172981     0.00275063
    1500      900     0.00090034     0.00043805     0.00065540     0.00105751     0.00175638     0.00281639
    1500      950     0.00100645     0.00049084     0.00073855     0.00119636     0.00200647     0.00321660
    1500     1000     0.00110345     0.00054707     0.00081734     0.00133365     0.00224791     0.00361697
    1500     1050     0.00109027     0.00053320     0.00080079     0.00131111     0.00222133     0.00360108
    1500     1100     0.00137052     0.00065033     0.00097710     0.00160056     0.00271095     0.00437922
    1500     1150     0.00149798     0.00074899     0.00112533     0.00184357     0.00312263     0.00508181
    1500     1200     0.00199047     0.00096047     0.00142938     0.00232194     0.00389362     0.00629155
    1500     1250     0.00315955     0.00148104     0.00219379     0.00351130     0.00586245     0.00939534
    1500     1300     0.00661055     0.00301260     0.00446591     0.00714545     0.01198983     0.01936741
    1500     1317     0.00887687     0.00446984     0.00660531     0.01068783     0.01792122     0.02895450
    1500     1333     0.00824398     0.00393400     0.00584139     0.00949112     0.01592857     0.02583235
    1500     1350     0.00632088     0.00315395     0.00469848     0.00754093     0.01265475     0.02044229
    1500     1400     0.00888071     0.00498590     0.00753836     0.01239861     0.02139174     0.03579397
    1550       50     0.00073628     0.00039884     0.00056639     0.00086523     0.00137226     0.00210970
    1550      100     0.00038126     0.00019029     0.00027543     0.00042719     0.00068950     0.00106571
    1550      150     0.00033067     0.00016360     0.00023657     0.00037078     0.00059844     0.00093323
    1550      200     0.00032578     0.00015804     0.00022843     0.00035818     0.00057805     0.00089348
    1550      250     0.00035525     0.00017341     0.00025107     0.00038951     0.00062863     0.00097159
    1550      300     0.00037033     0.00018168     0.00026117     0.00040787     0.00065165     0.00100567
    1550      350     0.00041863     0.00020410     0.00029276     0.00045053     0.00071633     0.00109927
    1550      400     0.00044274     0.00021866     0.00031492     0.00048647     0.00077750     0.00118867
    1550      450     0.00052263     0.00025619     0.00036718     0.00056498     0.00089402     0.00136405
    1550      500     0.00056017     0.00027777     0.00039466     0.00060278     0.00095129     0.00144728
    1550      550     0.00059084     0.00029991     0.00042773     0.00065584     0.00103745     0.00158342
    1550      600     0.00064694     0.00032495     0.00046592     0.00071742     0.00113771     0.00173272
    1550      650     0.00066512     0.00033485     0.00048252     0.00074540     0.00119090     0.00182150
    1550      700     0.00070787     0.00034873     0.00050488     0.00078311     0.00125156     0.00193151
    1550      750     0.00073758     0.00036987     0.00054082     0.00084510     0.00136389     0.00211814
    1550      800     0.00086350     0.00042090     0.00061746     0.00097940     0.00159686     0.00249290
    1550      850     0.00080878     0.00041078     0.00060595     0.00096560     0.00158859     0.00250391
    1550      900     0.00086302     0.00042718     0.00063288     0.00101198     0.00167403     0.00264975
    1550      950     0.00087822     0.00043129     0.00064035     0.00104119     0.00173834     0.00277459
    1550     1000     0.00096035     0.00046565     0.00069565     0.00113466     0.00190375     0.00307634
    1550     1050     0.00000000     0.00000000     0.00000000     0.00000000     0.00000000     0.00000000
    1550     1100     0.00121466     0.00059799     0.00088971     0.00144514     0.00242414     0.00391599
    1550     1150     0.00132188     0.00065638     0.00097660     0.00158626     0.00266086     0.00431550
    1550     1200     0.00168320     0.00079492     0.00118757     0.00193718     0.00328127     0.00529946
    1550     1250     0.00228712     0.00107247     0.00160464     0.00258773     0.00434268     0.00698932
    1550     1300     0.00339682     0.00158078     0.00232957     0.00371240     0.00613952     0.00980027
    1550     1350     0.00723335     0.00339931     0.00500730     0.00797711     0.01325677     0.02142767
    1550     1367     0.00995329     0.00463940     0.00681782     0.01099237     0.01843910     0.03003304
    1550     1383     0.00759562     0.00374208     0.00550165     0.00886156     0.01480112     0.02401300
    1550     1400     0.00562624     0.00311526     0.00460542     0.00745081     0.01255491     0.02036359
    1550     1450     0.00628368     0.00379521     0.00570417     0.00935166     0.01583420     0.02596990
    1600        1     5.04972721     0.75121698     1.46346593     4.47266364     9.00089280    13.56448183
    1600       50     0.00075674     0.00040756     0.00057891     0.00088414     0.00140583     0.00215726
    1600      100     0.00039108     0.00019813     0.00028479     0.00044478     0.00071439     0.00110844
    1600      150     0.00031408     0.00015506     0.00022672     0.00035451     0.00057219     0.00089245
    1600      200     0.00031939     0.00015452     0.00022429     0.00035316     0.00056995     0.00088870
    1600      250     0.00033919     0.00016363     0.00023924     0.00037409     0.00060090     0.00093225
    1600      300     0.00036935     0.00017967     0.00025994     0.00040332     0.00064448     0.00099453
    1600      350     0.00041874     0.00020297     0.00029097     0.00044788     0.00071227     0.00109302
    1600      400     0.00045318     0.00022263     0.00031918     0.00049129     0.00077921     0.00119236
    1600      450     0.00050057     0.00024643     0.00035158     0.00053896     0.00085057     0.00130004
    1600      500     0.00051193     0.00025989     0.00037073     0.00056836     0.00089683     0.00137106
    1600      550     0.00059530     0.00029989     0.00042613     0.00065073     0.00102431     0.00155393
    1600      600     0.00061550     0.00031172     0.00044475     0.00068201     0.00108142     0.00164728
    1600      650     0.00063728     0.00032060     0.00046165     0.00071350     0.00113468     0.00174132
    1600      700     0.00069516     0.00035092     0.00050454     0.00078764     0.00125879     0.00195137
    1600      750     0.00069592     0.00035828     0.00051757     0.00081129     0.00130293     0.00202160
    1600      800     0.00073831     0.00037350     0.00054503     0.00086198     0.00139769     0.00219068
    1600      850     0.00075333     0.00037596     0.00055486     0.00088400     0.00145424     0.00228304
    1600      900     0.00083352     0.00041202     0.00061051     0.00097666     0.00160773     0.00253378
    1600      950     0.00091956     0.00046065     0.00068360     0.00109307     0.00179836     0.00285846
    1600     1000     0.00090686     0.00044972     0.00066799     0.00108559     0.00181289     0.00289519
    1600     1050     0.00097443     0.00047637     0.00071174     0.00116080     0.00196653     0.00317633
    1600     1100     0.00113011     0.00055893     0.00083510     0.00136198     0.00229605     0.00372400
    1600     1150     0.00116654     0.00057126     0.00085840     0.00140665     0.00238310     0.00387879
    1600     1200     0.00132706     0.00065880     0.00098978     0.00162126     0.00275814     0.00447187
    1600     1250     0.00163479     0.00077257     0.00116069     0.00190132     0.00321923     0.00522127
    1600     1300     0.00210465     0.00095923     0.00143302     0.00233739     0.00395994     0.00642035
    1600     1350     0.00314205     0.00146391     0.00217206     0.00347232     0.00576934     0.00917323
    1600     1400     0.00702064     0.00350114     0.00505669     0.00793378     0.01292623     0.02035985
    1600     1417     0.01050755     0.00461648     0.00689363     0.01116038     0.01889338     0.03099415
    1600     1433     0.00676484     0.00372877     0.00546788     0.00867344     0.01440660     0.02310215
    1600     1450     0.00657539     0.00341103     0.00503901     0.00808357     0.01343972     0.02171357
    1600     1500     0.00848906     0.00514857     0.00765394     0.01242954     0.02105644     0.03466164
    1650       50     0.00084407     0.00043789     0.00062177     0.00094988     0.00150669     0.00231630
    1650      100     0.00040553     0.00020788     0.00030102     0.00046705     0.00074994     0.00116357
    1650      150     0.00033203     0.00016230     0.00023726     0.00037083     0.00059852     0.00093335
    1650      200     0.00032596     0.00016130     0.00023503     0.00036868     0.00059503     0.00092383
    1650      250     0.00033195     0.00016295     0.00023701     0.00036924     0.00059572     0.00092093
    1650      300     0.00038184     0.00018588     0.00026912     0.00041730     0.00066683     0.00102926
    1650      350     0.00039830     0.00019296     0.00027715     0.00042973     0.00068326     0.00104842
    1650      400     0.00045218     0.00021948     0.00031475     0.00048442     0.00076818     0.00117551
    1650      450     0.00048072     0.00023219     0.00033298     0.00051248     0.00081048     0.00123689
    1650      500     0.00051461     0.00026015     0.00037099     0.00056908     0.00090023     0.00137338
    1650      550     0.00057838     0.00028860     0.00040971     0.00062594     0.00098780     0.00150297
    1650      600     0.00058942     0.00029574     0.00042427     0.00065299     0.00103787     0.00159308
    1650      650     0.00061241     0.00031233     0.00044994     0.00069550     0.00111132     0.00169925
    1650      700     0.00066406     0.00032694     0.00047080     0.00072718     0.00116231     0.00177737
    1650      750     0.00070423     0.00035156     0.00051065     0.00080380     0.00129777     0.00201479
    1650      800     0.00072883     0.00035900     0.00052377     0.00082805     0.00134941     0.00209808
    1650      850     0.00076734     0.00038534     0.00056495     0.00089668     0.00146096     0.00228191
    1650      900     0.00079880     0.00039247     0.00057922     0.00092938     0.00153778     0.00243433
    1650      950     0.00087549     0.00043290     0.00064127     0.00102571     0.00168717     0.00267088
    1650     1000     0.00088214     0.00042959     0.00064275     0.00103709     0.00172248     0.00276203
    1650     1050     0.00094952     0.00047998     0.00071435     0.00115981     0.00193676     0.00310540
    1650     1100     0.00109833     0.00052942     0.00078785     0.00127959     0.00214641     0.00344036
    1650     1150     0.00107348     0.00050137     0.00075338     0.00123442     0.00209126     0.00337785
    1650     1200     0.00106056     0.00051579     0.00077922     0.00128222     0.00217142     0.00353463
    1650     1250     0.00133603     0.00063938     0.00097127     0.00160535     0.00274415     0.00449689
    1650     1300     0.00163173     0.00075811     0.00113915     0.00186673     0.00317715     0.00517001
    1650     1350     0.00194115     0.00094520     0.00140405     0.00228159     0.00382731     0.00613639
    1650     1400     0.00329342     0.00149404     0.00222624     0.00357503     0.00594060     0.00948600
    1650     1450     0.00867245     0.00388930     0.00564507     0.00888527     0.01462079     0.02324003
    1650     1467     0.01015273     0.00468517     0.00696792     0.01132172     0.01918249     0.03146148
    1650     1483     0.00774571     0.00378903     0.00559301     0.00890589     0.01480068     0.02391447
    1650     1500     0.00587957     0.00306620     0.00455626     0.00740729     0.01248535     0.02040367
    1650     1550     0.00594607     0.00349034     0.00521470     0.00850882     0.01440733     0.02327291
    1700       50     0.00088072     0.00046580     0.00066140     0.00101032     0.00160262     0.00246409
    1700      100     0.00040222     0.00020540     0.00029603     0.00045746     0.00073454     0.00113962
    1700      150     0.00033750     0.00016875     0.00024367     0.00038215     0.00061680     0.00095346
    1700      200     0.00032004     0.00015626     0.00022818     0.00036064     0.00058182     0.00090746
    1700      250     0.00034063     0.00016566     0.00023944     0.00037545     0.00060593     0.00093656
    1700      300     0.00034321     0.00016701     0.00024286     0.00037834     0.00061039     0.00094369
    1700      350     0.00038667     0.00018846     0.00027266     0.00042305     0.00067602     0.00104320
    1700      400     0.00044553     0.00021662     0.00031040     0.00047788     0.00075798     0.00115990
    1700      450     0.00046633     0.00023013     0.00033003     0.00050794     0.00080546     0.00122694
    1700      500     0.00050979     0.00025111     0.00035837     0.00054966     0.00086714     0.00132570
    1700      550     0.00053617     0.00026745     0.00037988     0.00058002     0.00091069     0.00138414
    1700      600     0.00055904     0.00028351     0.00040440     0.00062010     0.00097632     0.00148811
    1700      650     0.00065359     0.00033123     0.00047265     0.00072486     0.00114360     0.00174845
    1700      700     0.00061444     0.00031102     0.00045053     0.00069878     0.00111654     0.00172338
    1700      750     0.00070372     0.00034063     0.00049741     0.00077777     0.00125577     0.00194060
    1700      800     0.00068272     0.00035135     0.00051057     0.00080317     0.00129612     0.00202173
    1700      850     0.00072934     0.00036313     0.00052965     0.00083687     0.00135730     0.00212780
    1700      900     0.00080693     0.00039650     0.00058412     0.00093079     0.00153103     0.00241345
    1700      950     0.00079334     0.00039276     0.00058173     0.00092998     0.00153123     0.00241280
    1700     1000     0.00081535     0.00041252     0.00061468     0.00098693     0.00164786     0.00263180
    1700     1050     0.00093383     0.00045811     0.00068396     0.00110682     0.00183883     0.00294806
    1700     1100     0.00090533     0.00044664     0.00067109     0.00109965     0.00186263     0.00300823
    1700     1150     0.00099820     0.00048773     0.00073285     0.00120120     0.00203430     0.00328520
    1700     1200     0.00098639     0.00048664     0.00073128     0.00119870     0.00203045     0.00327895
    1700     1250     0.00108669     0.00054012     0.00081157     0.00132961     0.00225251     0.00366585
    1700     1300     0.00135716     0.00065139     0.00098430     0.00162015     0.00275648     0.00450314
    1700     1350     0.00152774     0.00072198     0.00109042     0.00179289     0.00305204     0.00498496
    1700     1400     0.00210588     0.00097237     0.00145214     0.00236957     0.00399384     0.00647695
    1700     1450     0.00313010     0.00138343     0.00206097     0.00330786     0.00549764     0.00888278
    1700     1500     0.00604070     0.00302528     0.00443182     0.00710670     0.01181490     0.01908940
    1700     1517     0.01115395     0.00536426     0.00773730     0.01227067     0.02019410     0.03276389
    1700     1533     0.00919157     0.00456064     0.00666135     0.01052696     0.01732107     0.02787146
    1700     1550     0.00623022     0.00312723     0.00460600     0.00733930     0.01219379     0.01970884
    1700     1600     0.00657719     0.00361335     0.00549467     0.00907816     0.01558815     0.02581601
    1750       50     0.00089012     0.00048151     0.00068068     0.00103560     0.00163410     0.00249804
    1750      100     0.00041830     0.00021491     0.00031123     0.00048277     0.00077135     0.00119570
    1750      150     0.00032454     0.00016159     0.00023471     0.00036945     0.00059606     0.00092971
    1750      200     0.00032463     0.00015857     0.00023019     0.00036244     0.00058496     0.00091221
    1750      250     0.00033534     0.00016140     0.00023610     0.00036895     0.00059547     0.00092454
    1750      300     0.00035149     0.00016639     0.00024204     0.00037687     0.00060828     0.00094021
    1750      350     0.00039486     0.00018918     0.00027392     0.00042485     0.00067872     0.00104751
    1750      400     0.00044620     0.00021995     0.00031549     0.00048550     0.00077212     0.00118488
    1750      450     0.00045445     0.00022270     0.00031937     0.00049153     0.00078132     0.00119913
    1750      500     0.00051192     0.00025455     0.00036328     0.00055721     0.00088135     0.00134492
    1750      550     0.00054562     0.00027032     0.00038376     0.00058629     0.00092522     0.00141440
    1750      600     0.00059016     0.00029660     0.00042141     0.00064356     0.00101065     0.00153581
    1750      650     0.00063281     0.00032287     0.00046054     0.00070619     0.00110908     0.00168528
    1750      700     0.00065538     0.00032500     0.00046825     0.00072369     0.00115634     0.00176825
    1750      750     0.00072622     0.00035732     0.00051469     0.00079565     0.00127100     0.00196158
    1750      800     0.00070230     0.00034760     0.00050823     0.00079402     0.00128198     0.00198124
    1750      850     0.00071421     0.00035431     0.00051861     0.00081033     0.00130771     0.00203981
    1750      900     0.00073355     0.00035686     0.00052869     0.00084524     0.00138450     0.00217224
    1750      950     0.00079302     0.00039880     0.00058750     0.00093664     0.00154096     0.00242870
    1750     1000     0.00081820     0.00041113     0.00061264     0.00098396     0.00162747     0.00257567
    1750     1050     0.00088205     0.00043975     0.00065793     0.00106117     0.00176325     0.00282697
    1750     1100     0.00085479     0.00041378     0.00062145     0.00101812     0.00170724     0.00275881
    1750     1150     0.00089417     0.00045561     0.00068057     0.00111020     0.00186305     0.00298624
    1750     1200     0.00094042     0.00045339     0.00068888     0.00113844     0.00194659     0.00318978
    1750     1250     0.00103770     0.00051699     0.00077688     0.00127337     0.00215644     0.00349687
    1750     1300     0.00118054     0.00057730     0.00087220     0.00143509     0.00245329     0.00400557
    1750     1350     0.00132559     0.00064321     0.00097188     0.00159985     0.00272193     0.00442844
    1750     1400     0.00159411     0.00077318     0.00116176     0.00190444     0.00322402     0.00524782
    1750     1450     0.00219744     0.00104394     0.00154996     0.00252019     0.00422754     0.00685730
    1750     1500     0.00303763     0.00139887     0.00207229     0.00331509     0.00551166     0.00887010
    1750     1550     0.00688815     0.00324614     0.00473794     0.00748820     0.01232199     0.01991437
    1750     1567     0.00908289     0.00446843     0.00661016     0.01069892     0.01811711     0.02971166
    1750     1583     0.00914978     0.00453354     0.00661611     0.01046549     0.01705153     0.02708847
    1750     1600     0.00814139     0.00376208     0.00558434     0.00907456     0.01529816     0.02481359
    1750     1650     0.00588334     0.00342175     0.00520028     0.00858981     0.01468580     0.02424220
