# Contour T6tbLL_ctau200, ExpPlus
# msbottom     mchi10
     948.8        0.0
     950.0        0.9
     975.0       17.6
     987.7       25.0
    1000.0       33.9
    1025.0       48.9
    1027.1       50.0
    1050.0       65.0
    1068.2       75.0
    1075.0       80.0
    1100.0       95.9
    1107.6      100.0
    1125.0      113.0
    1144.6      125.0
    1150.0      129.7
    1175.0      147.6
    1179.0      150.0
    1200.0      167.6
    1210.6      175.0
    1225.0      188.8
    1239.0      200.0
    1250.0      211.8
    1264.9      225.0
    1275.0      236.8
    1288.1      250.0
    1300.0      265.3
    1308.5      275.0
    1325.0      297.9
    1326.8      300.0
    1344.5      325.0
    1350.0      334.2
    1361.3      350.0
    1375.0      372.4
    1376.9      375.0
    1392.0      400.0
    1400.0      415.3
    1406.0      425.0
    1419.5      450.0
    1425.0      461.3
    1432.5      475.0
    1444.8      500.0
    1450.0      512.1
    1456.5      525.0
    1467.6      550.0
    1475.0      568.8
    1477.9      575.0
    1488.0      600.0
    1497.0      625.0
    1500.0      634.7
    1505.7      650.0
    1513.9      675.0
    1521.4      700.0
    1525.0      712.9
    1528.8      725.0
    1535.8      750.0
    1542.0      775.0
    1547.5      800.0
    1550.0      812.7
    1552.8      825.0
    1558.1      850.0
    1562.9      875.0
    1567.1      900.0
    1570.7      925.0
    1573.5      950.0
    1575.0      967.9
    1575.7      975.0
    1577.2     1000.0
    1578.1     1025.0
    1578.3     1050.0
    1577.8     1075.0
    1576.0     1100.0
    1575.0     1107.3
    1572.5     1125.0
    1565.5     1150.0
    1551.0     1175.0
    1550.0     1176.0
    1525.0     1193.9
    1503.0     1200.0
    1500.0     1200.5
    1475.0     1202.2
    1450.0     1201.9
    1425.0     1201.1
    1400.0     1201.0
    1375.0     1204.9
    1350.0     1216.3
    1340.7     1225.0
    1325.0     1244.1
    1321.9     1250.0
    1300.0     1275.0
    1275.0     1250.0
    1250.0     1225.0
    1225.0     1200.0
    1200.0     1175.0
    1175.0     1150.0
    1150.0     1125.0
    1125.0     1100.0
    1100.0     1075.0
    1075.0     1050.0
    1050.0     1025.0
    1025.0     1000.0
    1000.0      975.0
     975.0      950.0
     950.0      925.0
     925.0      900.0
     900.0      875.0
     875.0      850.0
     850.0      825.0
     825.0      800.0
     800.0      775.0
     775.0      750.0
     750.0      725.0
     725.0      700.0
     700.0      675.0
     675.0      650.0
     650.0      625.0
     625.0      600.0
     600.0      575.0
     575.0      550.0
     550.0      525.0
     525.0      500.0
     500.0      475.0
     475.0      450.0
     450.0      425.0
     425.0      400.0
     400.0      375.0
     400.0      375.0
