# Contour T6tbLL_ctau200, ObsPlus
# msbottom     mchi10
     400.0        5.7
     425.0       19.5
     446.8       25.0
     450.0       27.4
     475.0       38.9
     500.0       44.4
     525.0       47.3
     550.0       48.8
     575.0       49.8
     584.6       50.0
     600.0       53.1
     625.0       56.2
     650.0       58.4
     675.0       60.6
     700.0       63.3
     725.0       66.7
     750.0       69.9
     775.0       72.5
     800.0       74.4
     811.2       75.0
     825.0       79.4
     850.0       85.4
     875.0       89.9
     900.0       93.5
     925.0       96.2
     950.0       98.6
     968.8      100.0
     975.0      102.0
    1000.0      108.6
    1025.0      114.2
    1050.0      119.1
    1075.0      123.3
    1086.6      125.0
    1100.0      130.8
    1125.0      140.0
    1150.0      147.7
    1158.9      150.0
    1175.0      159.7
    1200.0      172.4
    1206.2      175.0
    1225.0      190.3
    1239.3      200.0
    1250.0      211.8
    1264.5      225.0
    1275.0      238.6
    1285.2      250.0
    1300.0      271.5
    1302.7      275.0
    1319.0      300.0
    1325.0      310.6
    1334.6      325.0
    1349.5      350.0
    1350.0      351.0
    1364.7      375.0
    1375.0      393.9
    1378.8      400.0
    1392.5      425.0
    1400.0      440.5
    1405.4      450.0
    1418.3      475.0
    1425.0      489.7
    1430.4      500.0
    1441.9      525.0
    1450.0      544.6
    1452.6      550.0
    1463.3      575.0
    1473.0      600.0
    1475.0      605.8
    1482.5      625.0
    1491.1      650.0
    1498.6      675.0
    1500.0      680.3
    1506.3      700.0
    1513.7      725.0
    1520.4      750.0
    1525.0      768.9
    1526.6      775.0
    1532.5      800.0
    1537.9      825.0
    1542.7      850.0
    1547.2      875.0
    1550.0      892.6
    1551.4      900.0
    1555.4      925.0
    1558.5      950.0
    1560.8      975.0
    1562.2     1000.0
    1562.9     1025.0
    1562.7     1050.0
    1561.6     1075.0
    1558.8     1100.0
    1553.2     1125.0
    1550.0     1132.9
    1542.5     1150.0
    1525.0     1169.2
    1515.8     1175.0
    1500.0     1180.3
    1475.0     1184.2
    1450.0     1184.7
    1425.0     1183.7
    1400.0     1182.4
    1375.0     1182.9
    1350.0     1186.9
    1325.0     1199.9
    1324.9     1200.0
    1304.6     1225.0
    1300.0     1231.8
    1275.0     1250.0
    1250.0     1225.0
    1225.0     1200.0
    1200.0     1175.0
    1175.0     1150.0
    1150.0     1125.0
    1125.0     1100.0
    1100.0     1075.0
    1075.0     1050.0
    1050.0     1025.0
    1025.0     1000.0
    1000.0      975.0
     975.0      950.0
     950.0      925.0
     925.0      900.0
     900.0      875.0
     875.0      850.0
     850.0      825.0
     825.0      800.0
     800.0      775.0
     775.0      750.0
     750.0      725.0
     725.0      700.0
     700.0      675.0
     675.0      650.0
     650.0      625.0
     625.0      600.0
     600.0      575.0
     575.0      550.0
     550.0      525.0
     525.0      500.0
     500.0      475.0
     475.0      450.0
     450.0      425.0
     425.0      400.0
     400.0      375.0
     400.0      375.0
